0	 5.2734742
80	-0.6084777
160	-0.6084777
240	-0.8113037
320	-0.6084777
400	-0.8113037
480	-0.8113037
560	-0.6084777
640	-0.8113037
720	-0.8113037
800	-0.6084777
880	-0.6084777
960	-0.6084777
1040	-0.6084777
1120	-0.6084777
1200	-0.6084777
1280	-0.6084777
1360	-0.8113037
1440	-0.6084777
1520	-0.6084777
1600	-0.6084777
1680	-0.6084777
1760	-1.0141296
1840	-0.6084777
1920	-0.6084777
2000	-0.8113037
2080	-0.4056518
2160	-0.6084777
2240	-0.6084777
2320	-0.6084777
2400	-0.8113037
2480	-0.6084777
2560	-0.6084777
2640	-0.6084777
2720	-0.6084777
2800	-0.6084777
2880	-0.8113037
2960	-0.6084777
3040	-0.6084777
3120	-0.6084777
3200	-0.8113037
3280	-0.8113037
3360	-0.6084777
3440	-0.6084777
3520	-0.6084777
3600	-0.6084777
3680	-0.8113037
3760	-0.8113037
3840	-0.4056518
3920	-0.6084777
4000	-0.8113037
4080	-0.8113037
4160	-0.8113037
4240	-0.6084777
4320	-0.8113037
4400	-0.6084777
4480	-0.6084777
4560	-0.6084777
4640	-0.8113037
4720	-0.8113037
4800	-0.4056518
4880	-0.4056518
4960	-0.6084777
5040	-0.6084777
5120	-0.6084777
5200	-0.8113037
5280	-0.8113037
5360	-0.6084777
5440	-0.8113037
5520	-0.6084777
5600	-0.8113037
5680	-0.6084777
5760	-0.6084777
5840	-0.8113037
5920	-0.6084777
6000	-0.6084777
6080	-0.8113037
6160	-0.6084777
6240	-0.8113037
6320	-0.6084777
6400	-0.6084777
6480	-0.8113037
6560	-0.6084777
6640	-0.6084777
6720	-0.6084777
6800	-0.6084777
6880	-0.8113037
6960	-0.6084777
7040	-0.6084777
7120	-0.6084777
7200	-0.6084777
7280	-0.6084777
7360	-0.6084777
7440	-0.6084777
7520	-0.8113037
7600	-0.6084777
7680	-0.6084777
7760	-0.8113037
7840	-0.6084777
7920	-0.6084777
8000	-0.6084777
8080	-0.6084777
8160	-0.6084777
8240	-0.6084777
8320	 5.2734742
8400	 5.2734742
8480	 5.2734742
8560	 5.2734742
8640	 5.2734742
8720	 5.2734742
8800	 5.2734742
8880	 5.2734742
8960	 5.2734742
9040	 5.2734742
9120	 5.2734742
9200	 5.2734742
9280	 5.2734742
9360	 5.2734742
9440	 5.2734742
9520	 5.2734742
9600	 5.2734742
9680	 5.2734742
9760	 5.2734742
9840	 5.2734742
9920	 5.2734742
10000	 5.2734742
10080	 5.2734742
10160	 5.2734742
10240	 5.2734742
10320	 5.0706481
10400	 5.2734742
10480	 5.2734742
10560	 5.2734742
10640	 5.2734742
10720	 5.2734742
10800	 5.0706481
10880	 5.2734742
10960	 5.2734742
11040	 5.2734742
11120	 5.2734742
11200	 5.2734742
11280	 5.2734742
11360	 5.2734742
11440	 5.2734742
11520	 5.2734742
11600	 5.2734742
11680	 5.2734742
11760	 5.2734742
11840	 5.2734742
11920	 5.2734742
12000	 5.2734742
12080	 5.2734742
12160	 5.2734742
12240	 5.2734742
12320	 5.2734742
12400	 5.2734742
12480	 5.0706481
12560	 5.2734742
12640	 5.2734742
12720	 5.2734742
12800	 5.2734742
12880	 5.2734742
12960	 5.2734742
13040	 5.2734742
13120	 5.2734742
13200	 5.2734742
13280	 5.2734742
13360	 5.0706481
13440	 5.2734742
13520	 5.2734742
13600	 5.2734742
13680	 5.2734742
13760	 5.2734742
13840	 5.2734742
13920	 5.2734742
14000	 5.2734742
14080	 5.2734742
14160	 5.2734742
14240	 5.2734742
14320	 5.2734742
14400	 5.0706481
14480	 5.2734742
14560	 5.2734742
14640	 5.2734742
14720	 5.2734742
14800	 5.2734742
14880	 5.2734742
14960	 5.2734742
15040	 5.2734742
15120	 5.2734742
15200	 5.2734742
15280	 5.2734742
15360	 5.2734742
15440	 5.2734742
15520	 5.2734742
15600	 5.2734742
15680	 5.2734742
15760	 5.2734742
15840	 5.2734742
15920	 5.2734742
16000	 5.2734742
16080	 5.2734742
16160	 5.2734742
16240	 5.2734742
16320	 5.2734742
16400	 5.2734742
16480	-0.6084777
16560	-0.6084777
16640	-0.6084777
16720	-0.6084777
16800	-0.6084777
16880	-0.6084777
16960	-0.6084777
17040	-0.6084777
17120	-0.6084777
17200	-0.6084777
17280	-0.6084777
17360	-0.6084777
17440	-0.6084777
17520	-0.6084777
17600	-0.8113037
17680	-0.6084777
17760	-0.6084777
17840	-0.8113037
17920	-0.6084777
18000	-0.6084777
18080	-0.6084777
18160	-0.6084777
18240	-0.8113037
18320	-0.6084777
18400	-0.6084777
18480	-0.8113037
18560	-0.6084777
18640	-0.6084777
18720	-0.6084777
18800	-0.6084777
18880	-0.6084777
18960	-0.6084777
19040	-0.6084777
19120	-0.6084777
19200	-0.6084777
19280	-0.6084777
19360	-0.6084777
19440	-0.6084777
19520	-0.6084777
19600	-0.6084777
19680	-0.6084777
19760	-0.6084777
19840	-0.6084777
19920	-0.6084777
20000	-0.8113037
20080	-0.6084777
20160	-0.8113037
20240	-0.6084777
20320	-0.6084777
20400	-0.8113037
20480	-0.6084777
20560	-0.6084777
20640	-0.8113037
20720	-0.6084777
20800	-0.6084777
20880	-0.8113037
20960	-0.6084777
21040	-0.8113037
21120	-0.6084777
21200	-0.6084777
21280	-0.8113037
21360	-0.6084777
21440	-0.6084777
21520	-0.8113037
21600	-0.6084777
21680	-0.8113037
21760	-0.6084777
21840	-0.6084777
21920	-0.8113037
22000	-0.6084777
22080	-0.6084777
22160	-0.6084777
22240	-0.6084777
22320	-0.6084777
22400	-0.6084777
22480	-0.6084777
22560	-0.6084777
22640	-0.6084777
22720	-0.6084777
22800	-0.6084777
22880	-0.6084777
22960	-0.6084777
23040	-0.6084777
23120	-0.6084777
23200	-0.6084777
23280	-0.6084777
23360	-0.6084777
23440	-0.6084777
23520	-0.6084777
23600	-0.8113037
23680	-0.6084777
23760	-0.6084777
23840	-0.6084777
23920	-0.6084777
24000	-0.6084777
24080	-0.6084777
24160	-0.6084777
24240	-0.8113037
24320	-0.6084777
24400	-0.6084777
24480	-0.8113037
24560	-0.6084777
24640	 4.2593445
24720	 5.2734742
24800	 5.2734742
24880	 5.2734742
24960	 5.2734742
25040	 5.2734742
25120	 5.2734742
25200	 5.2734742
25280	 5.2734742
25360	 5.2734742
25440	 5.2734742
25520	 5.2734742
25600	 5.2734742
25680	 5.2734742
25760	 5.0706481
25840	 5.2734742
25920	 5.2734742
26000	 5.2734742
26080	 5.2734742
26160	 5.2734742
26240	 5.2734742
26320	 5.2734742
26400	 5.2734742
26480	 5.2734742
26560	 5.2734742
26640	 5.0706481
26720	 5.2734742
26800	 5.2734742
26880	 5.2734742
26960	 5.2734742
27040	 5.2734742
27120	 5.2734742
27200	 5.2734742
27280	 5.2734742
27360	 5.2734742
27440	 5.2734742
27520	 5.2734742
27600	 5.2734742
27680	 5.2734742
27760	 5.2734742
27840	 5.2734742
27920	 5.2734742
28000	 5.2734742
28080	 5.2734742
28160	 5.2734742
28240	 5.2734742
28320	 5.0706481
28400	 5.2734742
28480	 5.2734742
28560	 5.2734742
28640	 5.2734742
28720	 5.2734742
28800	 5.2734742
28880	 5.2734742
28960	 5.2734742
29040	 5.2734742
29120	 5.2734742
29200	 5.2734742
29280	 5.2734742
29360	 5.2734742
29440	 5.2734742
29520	 5.2734742
29600	 5.2734742
29680	 5.2734742
29760	 5.2734742
29840	 5.2734742
29920	 5.2734742
30000	 5.2734742
30080	 5.2734742
30160	 5.2734742
30240	 5.2734742
30320	 5.2734742
30400	 5.2734742
30480	 5.2734742
30560	 5.2734742
30640	 5.2734742
30720	 5.2734742
30800	 5.2734742
30880	 5.2734742
30960	 5.2734742
31040	 5.2734742
31120	 5.2734742
31200	 5.2734742
31280	 5.2734742
31360	 5.0706481
31440	 6.4904299
31520	 5.2734742
31600	 5.0706481
31680	 5.2734742
31760	 5.0706481
31840	 5.2734742
31920	 5.2734742
32000	 5.2734742
32080	 5.2734742
32160	 5.2734742
32240	 5.2734742
32320	 5.0706481
32400	 5.2734742
32480	 5.2734742
32560	 5.2734742
32640	 5.2734742
32720	 5.2734742
32800	 5.2734742
32880	-0.6084777
32960	-0.8113037
33040	-0.6084777
33120	-0.6084777
33200	-0.6084777
33280	-0.6084777
33360	-0.6084777
33440	-0.6084777
33520	-0.6084777
33600	-0.6084777
33680	-0.6084777
33760	-0.6084777
33840	-0.6084777
33920	-0.6084777
34000	-0.6084777
34080	-0.6084777
34160	-0.6084777
34240	-0.6084777
34320	-0.8113037
34400	-0.6084777
34480	-0.6084777
34560	-0.8113037
34640	-0.6084777
34720	-0.6084777
34800	-0.6084777
34880	-0.6084777
34960	-0.8113037
35040	-0.6084777
35120	-0.6084777
35200	-0.8113037
35280	-0.6084777
35360	-0.6084777
35440	-0.6084777
35520	-0.6084777
35600	-0.6084777
35680	-0.6084777
35760	-0.6084777
35840	-0.6084777
35920	-0.6084777
36000	-0.8113037
36080	-0.6084777
36160	-0.6084777
36240	-0.6084777
36320	-0.6084777
36400	-0.6084777
36480	-0.6084777
36560	-0.6084777
36640	-0.6084777
36720	-0.6084777
36800	-0.6084777
36880	-0.6084777
36960	-0.6084777
37040	-0.6084777
37120	-0.8113037
37200	-0.6084777
37280	-0.6084777
37360	-0.6084777
37440	-0.6084777
37520	-0.8113037
37600	-0.6084777
37680	-0.6084777
37760	-0.8113037
37840	-0.6084777
37920	-0.6084777
38000	-0.8113037
38080	-0.6084777
38160	-0.8113037
38240	-0.6084777
38320	-0.6084777
38400	-0.6084777
38480	-0.6084777
38560	-0.6084777
38640	-0.6084777
38720	-0.6084777
38800	-0.6084777
38880	-0.6084777
38960	-0.6084777
39040	-0.8113037
39120	-0.6084777
39200	-0.6084777
39280	-0.6084777
39360	-0.6084777
39440	-0.6084777
39520	-0.6084777
39600	-0.6084777
39680	-0.6084777
39760	-0.6084777
39840	-0.6084777
39920	-0.8113037
40000	-0.6084777
40080	-0.6084777
40160	-0.6084777
40240	-0.6084777
40320	-0.6084777
40400	-0.6084777
40480	-0.6084777
40560	-0.8113037
40640	-0.6084777
40720	-0.8113037
40800	-0.6084777
40880	-0.6084777
40960	-0.8113037
41040	 5.0706481
41120	 5.2734742
41200	 5.2734742
41280	 5.2734742
41360	 5.2734742
41440	 5.2734742
41520	 5.2734742
41600	 5.0706481
41680	 5.2734742
41760	 5.2734742
41840	 5.2734742
41920	 5.2734742
42000	 5.2734742
42080	 5.2734742
42160	 5.2734742
42240	 5.2734742
42320	 5.2734742
42400	 5.2734742
42480	 5.2734742
42560	 5.2734742
42640	 5.2734742
42720	 5.2734742
42800	 5.2734742
42880	 5.2734742
42960	 5.2734742
43040	 5.2734742
43120	 5.2734742
43200	 5.2734742
43280	 5.2734742
43360	 5.2734742
43440	 5.2734742
43520	 5.2734742
43600	 5.2734742
43680	 5.2734742
43760	 5.2734742
43840	 5.2734742
43920	 5.2734742
44000	 5.2734742
44080	 5.2734742
44160	 5.0706481
44240	 5.2734742
44320	 5.2734742
44400	 5.2734742
44480	 5.2734742
44560	 5.2734742
44640	 5.2734742
44720	 5.2734742
44800	 5.2734742
44880	 5.2734742
44960	 5.2734742
45040	 5.2734742
45120	 5.2734742
45200	 5.2734742
45280	 5.2734742
45360	 5.2734742
45440	 5.2734742
45520	 5.0706481
45600	 5.2734742
45680	 5.0706481
45760	 5.2734742
45840	 5.2734742
45920	 5.2734742
46000	 5.2734742
46080	 5.2734742
46160	 5.2734742
46240	 5.2734742
46320	 5.2734742
46400	 5.2734742
46480	 5.2734742
46560	 5.2734742
46640	 5.2734742
46720	 5.2734742
46800	 5.2734742
46880	 5.2734742
46960	 5.2734742
47040	 5.2734742
47120	 5.2734742
47200	 5.2734742
47280	 5.2734742
47360	 5.2734742
47440	 5.2734742
47520	 5.2734742
47600	 5.2734742
47680	 5.2734742
47760	 5.2734742
47840	 5.0706481
47920	 5.2734742
48000	 5.2734742
48080	 5.2734742
48160	 5.2734742
48240	 5.2734742
48320	 5.2734742
48400	 5.2734742
48480	 5.2734742
48560	 5.2734742
48640	 5.2734742
48720	 5.0706481
48800	 5.2734742
48880	 5.2734742
48960	 5.2734742
49040	 5.2734742
49120	 5.0706481
49200	 5.2734742
49280	-0.6084777
49360	-0.6084777
49440	-0.6084777
49520	-0.8113037
49600	-0.8113037
49680	-0.6084777
49760	-0.6084777
49840	-0.6084777
49920	-0.6084777
50000	-0.6084777
50080	-0.6084777
50160	-0.8113037
50240	-0.6084777
50320	-0.6084777
50400	-0.6084777
50480	-0.6084777
50560	-0.6084777
50640	-0.6084777
50720	-0.6084777
50800	-0.6084777
50880	-0.6084777
50960	-0.6084777
51040	-0.4056518
51120	-0.6084777
51200	-0.6084777
51280	-0.8113037
51360	-0.6084777
51440	-0.6084777
51520	-0.6084777
51600	-0.6084777
51680	-0.6084777
51760	-0.6084777
51840	-0.6084777
51920	-0.6084777
52000	-0.6084777
52080	-0.6084777
52160	-0.8113037
52240	-0.6084777
52320	-0.6084777
52400	-0.6084777
52480	-0.6084777
52560	-0.6084777
52640	-0.6084777
52720	-0.6084777
52800	-0.6084777
52880	-0.6084777
52960	-0.6084777
53040	-0.6084777
53120	-0.6084777
53200	-0.6084777
53280	-0.6084777
53360	-0.6084777
53440	-0.6084777
53520	-0.6084777
53600	-0.8113037
53680	-0.6084777
53760	-0.6084777
53840	-0.6084777
53920	-0.6084777
54000	-0.6084777
54080	-0.6084777
54160	-0.6084777
54240	-0.6084777
54320	-0.6084777
54400	-0.6084777
54480	-0.8113037
54560	-0.6084777
54640	-0.6084777
54720	-0.6084777
54800	-0.6084777
54880	-0.8113037
54960	-0.6084777
55040	-0.6084777
55120	-0.8113037
55200	-0.6084777
55280	-0.6084777
55360	-0.8113037
55440	-0.6084777
55520	-0.6084777
55600	-0.6084777
55680	-0.6084777
55760	-0.8113037
55840	-0.6084777
55920	-0.6084777
56000	-0.8113037
56080	-0.6084777
56160	-0.8113037
56240	-0.6084777
56320	-0.6084777
56400	-0.8113037
56480	-0.6084777
56560	-0.6084777
56640	-0.6084777
56720	-0.6084777
56800	-0.8113037
56880	-0.6084777
56960	-0.6084777
57040	-0.6084777
57120	-0.6084777
57200	-0.6084777
57280	-0.8113037
57360	-0.6084777
57440	 5.0706481
57520	 5.2734742
57600	 5.2734742
57680	 5.2734742
57760	 5.2734742
57840	 5.2734742
57920	 5.2734742
58000	 5.2734742
58080	 5.2734742
58160	 5.2734742
58240	 5.2734742
58320	 5.2734742
58400	 5.2734742
58480	 5.2734742
58560	 5.2734742
58640	 5.2734742
58720	 5.2734742
58800	 5.2734742
58880	 5.2734742
58960	 5.2734742
59040	 5.2734742
59120	 5.2734742
59200	 5.2734742
59280	 5.2734742
59360	 5.2734742
59440	 5.2734742
59520	 5.2734742
59600	 5.2734742
59680	 5.2734742
59760	 5.2734742
59840	 5.2734742
59920	 5.2734742
60000	 5.2734742
60080	 5.2734742
60160	 5.2734742
60240	 5.2734742
60320	 5.2734742
60400	 5.2734742
60480	 5.0706481
60560	 5.2734742
60640	 5.2734742
60720	 5.2734742
60800	 5.2734742
60880	 5.2734742
60960	 5.2734742
61040	 5.4763002
61120	 5.2734742
61200	 5.2734742
61280	 5.2734742
61360	 5.2734742
61440	 5.2734742
61520	 5.2734742
61600	 5.2734742
61680	 5.2734742
61760	 5.2734742
61840	 5.2734742
61920	 5.2734742
62000	 5.2734742
62080	 5.2734742
62160	 5.2734742
62240	 5.2734742
62320	 5.2734742
62400	 5.2734742
62480	 5.2734742
62560	 5.2734742
62640	 5.2734742
62720	 5.2734742
62800	 5.2734742
62880	 5.2734742
62960	 5.2734742
63040	 5.2734742
63120	 5.2734742
63200	 5.2734742
63280	 5.2734742
63360	 5.2734742
63440	 5.2734742
63520	 5.2734742
63600	 5.2734742
63680	 5.0706481
63760	 5.2734742
63840	 5.2734742
63920	 5.2734742
64000	 5.2734742
64080	 5.2734742
64160	 5.2734742
64240	 5.2734742
64320	 5.2734742
64400	 5.2734742
64480	 5.2734742
64560	 5.2734742
64640	 5.2734742
64720	 5.2734742
64800	 5.2734742
64880	 5.2734742
64960	 5.2734742
65040	 5.2734742
65120	 5.2734742
65200	 5.2734742
65280	 5.2734742
65360	 5.2734742
65440	 5.2734742
65520	 5.2734742
65600	 0.2028259
65680	-0.6084777
65760	-0.6084777
65840	-0.8113037
65920	-0.6084777
66000	-0.8113037
66080	-0.6084777
66160	-0.6084777
66240	-0.8113037
66320	-0.6084777
66400	-0.6084777
66480	-0.6084777
66560	-0.6084777
66640	-0.6084777
66720	-0.6084777
66800	-0.8113037
66880	-0.6084777
66960	-0.6084777
67040	-0.6084777
67120	-0.6084777
67200	-0.6084777
67280	-0.6084777
67360	-0.6084777
67440	-0.6084777
67520	-0.6084777
67600	-0.6084777
67680	-0.6084777
67760	-0.6084777
67840	-0.6084777
67920	-0.6084777
68000	-0.8113037
68080	-0.6084777
68160	-0.6084777
68240	-0.6084777
68320	-0.6084777
68400	-0.6084777
68480	-0.6084777
68560	-0.6084777
68640	-0.8113037
68720	-0.6084777
68800	-0.6084777
68880	-0.6084777
68960	-0.6084777
69040	-0.6084777
69120	-0.6084777
69200	-0.6084777
69280	-0.6084777
69360	-0.6084777
69440	-0.8113037
69520	-0.6084777
69600	-0.6084777
69680	-0.6084777
69760	-0.6084777
69840	-0.6084777
69920	-0.6084777
70000	-0.6084777
70080	-0.6084777
70160	-0.6084777
70240	-0.6084777
70320	-0.8113037
70400	-0.6084777
70480	-0.6084777
70560	-0.6084777
70640	-0.6084777
70720	-0.6084777
70800	-0.6084777
70880	-0.6084777
70960	-0.6084777
71040	-1.0141296
71120	-0.6084777
71200	-0.8113037
71280	-0.6084777
71360	-0.6084777
71440	-0.6084777
71520	-0.6084777
71600	-0.6084777
71680	-0.6084777
71760	-0.6084777
71840	-0.8113037
71920	-0.6084777
72000	-0.8113037
72080	-0.6084777
72160	-0.6084777
72240	-0.8113037
72320	-0.6084777
72400	-0.6084777
72480	-0.6084777
72560	-0.6084777
72640	-0.6084777
72720	-0.6084777
72800	-0.6084777
72880	-0.6084777
72960	-0.6084777
73040	-0.6084777
73120	-0.8113037
73200	-0.6084777
73280	-0.6084777
73360	-0.6084777
73440	-0.6084777
73520	-0.8113037
73600	-0.6084777
73680	-0.6084777
73760	-0.8113037
73840	 5.2734742
73920	 5.2734742
74000	 5.2734742
74080	 5.2734742
74160	 5.2734742
74240	 5.2734742
74320	 5.2734742
74400	 5.2734742
74480	 5.2734742
74560	 5.2734742
74640	 5.2734742
74720	 5.2734742
74800	 5.2734742
74880	 5.2734742
74960	 5.2734742
75040	 5.2734742
75120	 5.2734742
75200	 5.2734742
75280	 5.0706481
75360	 5.2734742
75440	 5.0706481
75520	 5.2734742
75600	 5.2734742
75680	 5.2734742
75760	 5.2734742
75840	 5.2734742
75920	 5.2734742
76000	 5.2734742
76080	 5.2734742
76160	 5.2734742
76240	 5.2734742
76320	 5.2734742
76400	 5.2734742
76480	 5.2734742
76560	 5.2734742
76640	 5.2734742
76720	 5.2734742
76800	 5.2734742
76880	 5.2734742
76960	 5.2734742
77040	 5.2734742
77120	 5.2734742
77200	 5.2734742
77280	 5.2734742
77360	 5.2734742
77440	 5.2734742
77520	 5.2734742
77600	 5.2734742
77680	 5.2734742
77760	 5.2734742
77840	 5.0706481
77920	 5.2734742
78000	 5.2734742
78080	 5.2734742
78160	 5.2734742
78240	 5.2734742
78320	 5.2734742
78400	 5.2734742
78480	 5.2734742
78560	 5.2734742
78640	 5.2734742
78720	 5.2734742
78800	 5.2734742
78880	 5.2734742
78960	 5.2734742
79040	 5.2734742
79120	 5.2734742
79200	 5.2734742
79280	 5.2734742
79360	 5.2734742
79440	 5.2734742
79520	 5.2734742
79600	 5.2734742
79680	 5.2734742
79760	 5.2734742
79840	 5.2734742
79920	 5.2734742
80000	 5.2734742
80080	 5.2734742
80160	 5.2734742
80240	 5.2734742
80320	 5.2734742
80400	 5.2734742
80480	 5.2734742
80560	 5.2734742
80640	 5.2734742
80720	 5.2734742
80800	 5.2734742
80880	 5.2734742
80960	 5.0706481
81040	 5.4763002
81120	 5.2734742
81200	 5.2734742
81280	 5.2734742
81360	 5.2734742
81440	 5.2734742
81520	 5.2734742
81600	 5.2734742
81680	 5.2734742
81760	 5.2734742
81840	 5.2734742