105
2931
7578
12298
13112
13907
14785
15668
16658
17200
18245
18321
18670
22273
23252
29772
34836
37310
38914
40330
40382
40456
44484
44544
45190
45637
48746
49167
53083
55066
56199
57183
63013
66673
70797
72603
73762
75357
76003
80353
86361
88600
88765
92823
93045
95649
98525
102654
104941
108846
114290
115592
120151
120194
120374
122595
125245
125438
127254
128596
129556
129749
129925
130638
130767
131784
131854
133139
143293
144370
145120
148469
149048
150175
150955
152231
152697
152943
152997
153132
154497
155001
155841
157577
170746
173568
174435
177813
177904
181845
183294
184373
184535
184905
189246
190383
195814
198314
201708
201783
206098
207960
210311
210520
214493
215519
216488
220758
221078
222184
223602
223721
224219
229186
235060
237589
238190
238941
241032
241204
242968
244501
247235
249178
252230
252796
254194
255584
263660
265370
268106
268429
269559
270101
271107
271286
271412
276479
276523
278708
283048
283420
283530
285747
288493
290511
292660
294521
295546
295989
300172
301992
302428
307380
315129
315414
317158
320124
322885
324933
334329
335005
335146
335709
335738
337482
338942
341164
342654
343043
345383
354262
355564
358238
360317
361692
362888
363978
365018
365405
366211
369326
369779
371282
371359
371369
376759
377926
381727
381882
382102
383908
385319
387211
388726
389365
390053
392893
396051
398263
398359
404413
404845
408247
409467
409813
412633
415070
418235
419852
420177
421474
424386
425954
426442
427934
429633
430298
430987
433834
434682
435281
435413
438070
439295
440661
445335
445929
450557
454560
455657
457059
459572
461974
462853
464459
464888
467357
475393
475567
478981
479489
481674
483266
484028
484097
484924
485696
487945
488033
488280
489414
497672
497930
498090
501397
502547
502595
504138
506181
509401
509964
514356
515910
517988
519743
525371
528899
529006
531549
533606
535502
540794
541306
542693
545918
553409
555519
562331
566055
566644
567314
568576
568737
571205
573882
575539
579161
581497
582781
582898
583640
584949
587557
591781
595653
598517
602251
602365
605637
606491
610014
610471
613325
617974
618079
620697
624478
624822
629292
631926
634911
635106
635406
637338
646155
648802
649317
649520
654163
654633
655517
657299
658699
661900
663769
665128
666809
670540
672005
672877
674944
674968
675134
676390
676910
678312
678902
679719
682296
685554
686827
689630
693939
695417
697613
697842
698030
699294
701822
702290
708656
708906
716146
717829
721151
721750
722590
722740
724816
728756
729625
729825
730756
732631
733176
733963
734984
736987
737017
737637
738226
739424
740187
740522
744587
746019
746533
747260
747821
748426
748717
749477
753786
755564
758193
758835
759246
761462
766695
769035
771676
775935
777554
779873
779940
781948
783715
784099
785081
787998
793280
795000
795370
798292
798707
799574
801810
802424
806134
808760
810515
818183
818333
818777
821893
822193
823137
823378
823628
823917
828191
832709
835610
835739
837197
844812
846603
847052
848507
850968
851901
855615
856177
862580
862748
864834
865718
866721
868178
868791
870514
870659
870767
877160
878664
878823
879752
880511
881113
883031
884437
888441
890539
890884
896498
898124
900597
901656
903171
903684
904382
905933
906069
907521
911257
919294
919731
924273
930246
932677
933696
934547
935141
937376
937882
938192
941121
942009
943890
945974
949136
951350
951352
952507
952588
954033
954977
955147
955252
956450
956724
957685
957886
958907
959580
962723
966353
966613
974301
977909
978882
979076
985960
989321
989424
991258
992789
995526
997323
998779
999452
1005106
1006798
1007033
1011863
1013588
1014158
1022034
1025371
1028978
1031277
1032765
1034802
1035079
1036858
1036871
1039698
1043091
1051374
1052481
1056183
1057630
1059204
1060013
1065095
1072068
1072446
1075029
1075512
1077564
1077837
1078249
1080475
1080886
1082959
1083849
1083970
1089051
1091328
1091715
1093301
1094073
1099404
1100058
1104983
1105274
1111302
1112525
1113328
1116641
1117496
1119977
1120331
1121101
1121272
1122412
1126320
1127330
1130004
1130500
1134797
1135031
1138959
1139890
1141864
1142903
1144374
1144879
1148517
1150126
1150633
1151304
1151615
1151987
1153719
1154944
1155133
1158147
1158650
1160968
1162344
1162927
1163502
1167466
1167812
1168285
1170787
1172593
1173793
1175083
1176402
1183176
1186194
1190124
1191885
1192134
1200602
1202837
1202969
1203937
1204329
1204697
1207321
1208165
1209221
1209436
1210206
1211517
1211719
1213124
1218521
1218576
1219365
1221585
1222332
1223444
1224685
1225283
1226881
1227943
1228066
1233115
1235161
1237558
1237640
1238297
1238701
1240428
1243124
1247912
1251204
1251574
1253211
1254089
1256332
1258622
1260928
1262766
1264169
1265464
1266353
1266522
1268507
1268740
1271150
1271740
1275885
1280977
1281108
1285261
1286248
1287686
1289478
1290338
1291860
1293866
1294038
1294246
1295946
1299646
1303048
1303783
1304597
1305492
1308640
1310393
1311611
1316393
1318179
1318381
1318542
1319520
1321762
1322921
1324533
1328656
1330028
1330243
1332325
1337125
1340472
1341255
1342050
1348303
1350805
1351237
1351549
1352309
1355322
1356693
1359384
1362138
1362526
1368036
1368235
1369421
1370481
1371630
1376060
1378499
1378895
1381022
1381813
1382547
1387721
1388485
1390757
1391257
1394240
1399387
1399421
1403321
1406194
1418707
1420551
1423801
1424772
1425991
1426274
1427552
1438853
1442850
1447113
1448281
1451903
1455590
1462375
1462477
1465539
1467542
1470649
1473306
1473330
1474526
1477537
1478752
1479361
1479849
1481327
1482436
1484549
1485047
1486245
1496865
1503572
1505947
1508186
1508300
1514200
1515605
1516184
1520249
1520875
1522416
1523330
1525378
1525892
1533598
1536848
1537774
1538267
1540748
1543831
1546920
1547508
1548132
1548361
1555538
1557124
1557961
1558398
1559065
1566072
1568607
1573005
1575156
1576304
1577896
1578048
1580016
1582679
1584168
1585055
1587301
1588432
1590787
1591054
1592555
1595948
1596351
1599326
1601012
1601600
1601750
1603700
1604221
1604321
1605352
1607801
1608072
1610539
1616636
1618968
1619465
1619663
1620330
1622202
1622546
1626866
1629801
1630490
1631190
1635104
1640197
1644072
1644085
1647048
1647273
1648282
1651827
1658953
1662907
1670153
1673789
1675757
1676666
1676757
1679321
1683247
1683970
1687071
1687193
1687210
1689166
1689483
1689818
1692906
1693429
1693621
1697122
1698672
1699408
1700041
1700903
1700929
1702772
1703874
1704495
1705431
1711807
1712088
1713162
1716844
1717088
1718259
1725361
1730940
1735853
1737298
1737487
1738171
1740322
1741150
1744409
1745983
1747716
1750131
1751409
1752666
1753669
1758451
1758701
1761452
1762084
1762391
1762556
1762867
1763554
1765712
1770265
1772230
1774502
1776372
1776438
1777331
1781081
1784384
1787377
1788174
1789235
1792375
1794987
1794998
1796234
1796428
1798731
1798739
1798845
1799913
1800432
1801959
1803125
1803440
1804512
1805556
1809055
1810591
1815480
1817245
1817388
1818666
1820169
1820391
1821094
1822896
1824180
1824638
1826371
1829037
1833300
1834580
1834808
1835263
1838585
1838993
1841134
1841641
1844794
1847384
1847707
1849263
1849371
1851117
1851278
1855485
1858074
1859771
1860794
1863187
1864871
1865269
1866475
1867832
1870908
1871652
1874162
1875477
1875792
1877977
1883179
1884058
1884084
1887372
1887851
1890352
1897710
1899572
1900115
1901213
1903098
1907699
1908323
1912598
1913353
1915836
1917492
1917708
1919185
1921384
1921393
1921444
1921944
1922592
1924184
1924822
1926143
1927043
1930915
1931065
1935430
1940090
1940491
1944113
1947216
1948329
1950299
1951135
1953535
1953904
1954247
1957082
1959298
1960093
1962271
1966729
1969355
1971178
1975031
1975576
1976886
1977528
1977960
1980157
1981014
1982968
1983043
1984668
1986133
1986553
1989319
1990052
1994484
1995618
1995873
1997845
1997878
2001215
2002130
2002817
2002953
2004894
2005012
2007216
2008732
2016852
2018376
2019973
2022282
2023607
2023616
2029994
2032402
2036903
2037024
2041959
2042306
2049054
2050143
2056541
2056558
2057097
2058610
2059337
2060410
2068112
2070008
2070436
2070480
2073603
2075950
2077963
2083375
2085063
2095975
2096603
2100781
2107809
2108411
2111410
2119664
2122260
2126306
2126340
2126689
2127307
2129485
2129531
2132292
2132365
2134710
2138506
2139124
2140134
2142405
2145279
2145373
2145681
2146855
2154072
2155863
2158616
2159451
2162669
2168335
2170816
2172390
2181812
2182404
2184332
2188821
2189249
2193317
2194781
2195837
2196978
2198619
2200635
2200806
2202484
2203781
2204538
2209082
2211493
2212711
2213802
2216804
2218643
2220048
2220706
2224264
2225962
2226751
2230052
2231848
2234541
2235718
2238728
2239758
2242185
2243145
2243618
2244133
2245035
2245791
2246359
2246788
2247275
2248209
2251528
2251730
2258372
2258953
2262675
2262974
2265927
2266688
2267915
2268321
2268814
2270760
2271063
2277543
2277571
2278059
2280774
2283245
2286895
2289590
2293735
2297053
2298736
2299117
2307979
2309615
2312687
2315998
2316352
2317281
2318012
2320306
2321603
2322897
2324145
2326038
2331818
2336314
2339330
2341335
2341932
2342755
2342924
2347446
2347955
2350430
2350893
2350945
2351453
2351980
2353946
2354190
2354217
2356336
2357862
2360130
2362234
2362995
2363479
2365290
2365304
2365751
2365844
2368809
2370852
2372953
2373249
2374660
2378361
2379752
2381467
2384385
2390497
2392108
2392206
2393794
2399774
2404114
2409489
2410355
2412544
2413459
2414651
2416743
2424223
2425141
2426600
2427460
2428114
2428620
2429152
2431583
2431783
2431826
2433345
2435427
2440515
2443885
2444841
2445153
2445301
2453584
2454546
2455953
2455954
2456415
2457115
2457587
2460385
2460476
2460919
2461623
2463822
2466661
2467099
2467204
2467906
2470293
2471067
2473112
2473228
2474438
2478135
2479582
2482776
2484249
2489262
2490503
2495713
2496992
2501797
2502017
2502602
2503471
2505429
2507403
2512875
2515196
2515919
2522194
2525733
2526258
2528608
2529597
2530244
2531609
2531902
2532428
2535629
2536714
2539133
2540952
2540971
2541950
2542238
2545458
2545994
2547074
2548258
2555131
2557224
2558096
2560257
2561964
2563105
2563915
2564115
2565493
2566225
2569865
2573467
2573521
2574655
2576714
2576726
2577393
2579359
2581969
2582450
2583080
2583505
2585610
2585645
2586170
2586178
2590592
2596736
2600499
2604828
2607165
2608000
2610221
2610454
2611520
2612880
2613360
2615317
2616634
2619640
2620732
2622685
2623403
2625280
2628009
2629581
2635849
2636643
2637681
2638628
2639285
2639434
2640278
2640299
2643011
2643117
2644111
2648445
2649437
2655161
2658337
2658686
2659586
2660103
2665777
2668328
2668553
2676371
2677676
2678002
2680045
2680576
2680817
2682164
2682624
2683104
2684503
2686560
2686844
2687955
2692095
2695769
2700865
2707781
2710200
2710628
2711728
2714406
2714621
2715288
2716467
2721222
2725425
2727198
2727569
2728419
2729245
2736544
2737525
2737572
2738418
2739266
2739971
2743199
2743326
2746136
2746989
2751066
2751077
2752324
2752956
2754626
2756168
2757271
2760047
2760227
2761042
2761352
2762764
2762872
2764123
2765174
2766207
2768437
2768514
2773793
2774233
2776706
2778781
2782020
2782881
2783999
2790395
2791739
2797014
2805794
2806704
2808340
2812549
2813669
2814331
2814658
2816790
2817869
2818460
2821046
2821893
2821923
2822137
2822216
2822477
2822816
2824094
2824624
2825064
2826999
2828631
2833265
2833460
2835165
2835325
2835476
2839367
2843306
2843511
2844269
2848525
2850043
2850877
2852998
2856603
2856707
2861389
2865092
2865879
2868108
2868864
2869029
2869275
2871242
2871519
2876652
2877015
2878049
2879224
2881642
2882444
2884314
2885748
2887015
2887299
2889383
2891521
2892373
2892856
2893257
2894062
2894849
2894890
2895032
2895653
2899403
2906840
2909405
2911533
2912903
2913064
2915388
2918138
2924102
2929582
2929949
2930504
2934427
2938797
2938964
2940136
2942651
2946969
2954869
2956662
2960524
2961847
2963682
2970156
2973604
2975064
2977204
2978583
2980756
2983145
2986904
2988939
2989057
2992968
2994019
2999551
3004805
3007179
3013040
3014831
3017145
3020287
3022023
3024919
3027726
3029649
3034764
3037703
3040038
3040073
3043025
3043638
3045559
3046751
3049209
3050055
3050935
3051117
3054060
3054370
3060095
3060598
3060851
3061113
3062934
3064393
3066198
3066664
3070504
3071837
3074566
3075569
3077097
3080078
3081653
3082084
3082839
3088274
3088606
3090658
3091396
3093204
3093483
3094322
3098211
3098881
3099829
3100524
3103667
3103818
3104011
3104651
3108213
3109151
3111686
3113637
3114839
3116292
3117230
3118049
3119717
3121373
3122223
3124879
3132614
3134039
3135550
3136979
3137942
3139590
3140508
3140849
3144699
3149771
3151803
3152064
3153094
3159582
3163509
3167072
3169703
3172534
3173712
3176723
3182149
3185549
3186731
3188231
3189981
3191736
3191842
3194749
3198655
3202433
3203641
3205079
3207081
3208717
3229815
3233748
3233946
3235931
3239906
3240445
3240633
3242868
3243981
3244079
3245899
3246575
3247242
3250245
3250508
3252907
3253380
3257532
3261430
3261925
3262696
3263432
3263480
3267352
3270213
3271511
3271559
3273125
3275428
3276742
3280048
3280792
3281612
3282320
3283739
3288361
3289128
3290126
3292733
3298127
3305603
3306094
3308641
3310966
3311861
3313184
3315931
3318568
3320046
3323217
3327811
3328085
3329694
3337017
3341328
3341379
3342535
3343705
3343738
3345349
3348271
3350121
3351805
3355049
3357086
3357410
3357695
3359578
3362617
3368998
3369648
3370992
3371627
3378228
3380711
3384043
3384342
3384535
3384601
3385515
3386655
3386842
3387075
3389470
3391590
3395140
3396138
3397446
3399048
3399270
3399526
3401338
3403843
3408649
3408969
3411347
3413051
3415182
3418474
3420734
3425379
3425770
3426364
3427945
3428529
3436965
3437132
3437942
3439000
3440245
3441294
3441936
3445055
3445761
3450486
3451798
3453785
3454608
3456305
3459069
3460074
3463893
3468132
3469514
3472685
3473619
3474263
3474339
3477663
3479100
3481157
3482618
3483407
3483857
3487051
3489251
3490574
3492343
3494528
3495162
3496194
3499600
3500023
3500107
3500149
3500452
3506427
3509511
3509703
3512043
3512290
3513698
3514660
3514799
3518746
3519054
3519927
3520657
3528311
3528993
3529968
3530515
3530977
3531586
3533060
3534724
3539245
3539515
3541241
3543435
3548620
3550021
3551262
3551489
3552610
3554466
3556460
3556790
3559726
3560088
3562721
3563109
3565805
3569589
3576801
3577680
3578683
3579162
3579881
3580349
3587220
3587371
3588102
3591231
3592695
3594364
3594681
3595314
3596736
3597546
3602056
3602559
3602998
3603413
3606822
3607911
3610605
3611945
3612076
3615375
3617818
3618293
3627830
3628584
3629420
3633907
3634783
3638113
3646599
3647225
3653634
3661415
3662265
3663575
3664297
3668120
3679925
3682623
3682925
3686296
3688502
3690633
3691481
3694499
3695347
3696059
3704153
3706730
3707050
3707246
3709547
3711832
3713334
3715657
3719142
3723268
3726337
3726541
3730295
3730479
3733316
3735984
3741360
3741766
3751058
3751361
3753584
3756030
3757759
3758710
3759952
3765454
3772062
3776595
3777834
3778294
3778851
3779583
3784949
3787853
3798356
3802677
3805065
3805143
3808575
3808968
3809565
3810564
3812688
3813017
3813444
3814616
3817324
3818208
3819197
3820671
3824041
3827916
3829689
3830657
3831909
3832840
3834739
3834755
3846716
3847245
3848460
3849228
3849695
3850953
3851865
3852542
3860502
3863150
3869653
3871342
3871820
3874784
3879718
3880551
3886197
3889216
3889228
3890159
3891017
3891257
3892077
3896037
3899574
3902727
3903328
3906526
3909426
3911784
3912761
3912787
3914024
3916209
3918110
3918279
3922726
3926614
3929785
3931295
3936336
3937203
3938737
3939267
3941179
3943446
3943891
3945602
3949131
3950610
3950963
3951099
3952688
3953914
3954328
3954598
3955212
3957395
3958847
3959223
3960405
3961005
3961405
3961435
3963070
3963502
3964156
3966000
3968590
3969948
3970680
3974501
3975449
3976110
3977453
3979267
3982739
3983534
3983826
3984525
3986065
3986441
3988672
3988955
3989288
3989533
3990042
3994778
3995064
3995244
3996214
4001094
4001347
4002951
4005471
4010299
4015299
4015756
4018060
4019380
4022668
4023675
4025537
4027391
4029280
4030590
4031443
4039844
4040389
4041405
4045357
4045409
4049928
4051474
4056195
4057425
4058032
4058581
4061405
4063315
4065137
4066215
4068217
4070144
4071596
4075321
4075558
4077230
4079908
4080143
4081006
4082356
4084150
4088231
4088536
4089218
4092028
4092161
4092832
4102447
4104752
4108023
4112615
4113478
4115944
4116289
4118566
4120746
4121483
4121963
4125734
4126499
4130045
4131050
4133711
4133755
4136949
4137092
4140959
4146527
4151137
4153133
4154418
4156572
4158644
4162587
4165110
4167120
4169566
4172383
4172513
4175709
4177522
4187629
4188165
4189812
4191128
4191449
4192319
4196614
4198338
4198903
4199762
4200580
4201004
4201014
4209039
4209788
4211226
4211817
4214285
4220439
4222636
4228146
4230484
4231339
4231887
4234401
4234798
4236107
4238924
4242675
4245585
4245921
4246897
4252313
4253093
4254103
4254440
4255239
4261122
4261484
4263116
4263171
4268028
4268088
4269670
4273141
4275936
4279876
4286328
4290826
4292224
4292704
4294952
4295439
4296170
4299146
4304938
4307259
4309741
4311090
4311487
4313491
4314633
4317308
4319414
4319587
4319680
4323922
4325455
4326521
4328710
4329976
4332323
4333522
4337273
4338027
4339802
4345235
4348962
4352227
4354102
4355835
4359317
4361554
4364914
4365566
4366759
4368089
4369741
4372824
4374575
4374968
4376591
4379004
4380337
4386359
4389015
4389097
4389312
4389387
4393333
4393635
4394001
4394128
4394228
4396550
4396812
4408628
4410864
4411770
4413403
4413585
4413673
4417363
4425063
4425518
4425589
4428757
4432080
4432156
4436096
4441044
4441556
4442114
4444121
4446206
4447176
4447714
4448490
4452579
4453656
4453891
4455973
4459612
4462828
4465956
4468257
4469119
4469829
4471425
4472164
4473165
4474039
4475593
4475862
4477561
4478321
4479437
4481289
4484203
4487258
4487385
4490020
4490609
4491087
4492516
4496744
4498946
4499939
4501693
4502718
4503171
4503565
4504411
4505315
4507715
4508541
4510867
4512939
4514193
4514443
4514855
4515254
4515390
4518751
4519445
4520329
4521593
4522057
4522307
4527138
4527764
4529903
4530265
4530349
4532131
4532791
4534895
4535573
4537384
4537734
4537774
4538832
4539229
4539372
4541434
4542230
4542450
4553887
4554221
4554303
4554380
4556544
4558058
4560627
4561183
4563232
4566724
4567667
4573136
4573352
4577038
4578545
4579144
4579698
4580071
4580204
4582110
4583040
4590099
4595156
4596551
4598130
4600601
4604187
4609821
4613161
4617449
4619094
4619357
4619672
4620452
4621061
4622284
4623376
4623991
4626721
4629724
4630497
4631850
4639477
4642348
4642838
4643294
4644749
4647119
4648306
4648916
4651780
4652861
4656608
4664367
4665057
4667257
4669501
4670247
4671583
4673761
4676028
4682267
4684470
4684899
4689591
4689757
4690043
4690439
4692190
4692369
4695397
4696064
4696169
4697015
4701313
4701798
4702196
4704286
4704998
4709442
4714879
4715053
4717125
4717870
4724018
4728272
4731084
4732964
4733088
4733566
4734637
4736778
4738123
4740534
4741940
4742681
4745174
4746582
4749468
4754631
4754720
4756583
4758303
4758531
4763003
4763404
4764801
4766418
4771468
4772403
4772720
4772783
4775338
4779448
4780744
4784131
4784481
4788999
4790083
4791134
4794018
4794096
4795180
4797969
4801835
4802810
4804238
4804534
4807587
4809605
4810223
4813851
4817119
4818982
4819060
4819355
4819694
4820561
4822901
4824700
4825996
4826124
4827350
4828485
4828958
4832511
4833355
4833756
4833799
4834848
4835763
4836027
4837241
4837856
4840167
4842444
4842470
4842596
4844434
4847470
4847985
4848792
4857723
4861515
4862334
4863437
4866723
4868591
4869639
4873474
4874343
4875229
4882616
4883950
4885407
4886595
4887386
4889561
4890442
4890453
4890948
4892665
4894392
4895450
4896585
4897064
4899536
4899993
4901227
4902555
4903971
4905138
4906981
4907318
4910833
4917555
4917903
4918408
4920880
4921641
4924422
4926831
4927741
4930218
4933221
4933474
4935582
4941131
4941373
4941523
4945676
4945941
4948100
4948264
4949203
4951781
4951902
4953536
4954311
4955669
4958072
4958428
4961183
4964473
4975233
4976682
4976857
4979916
4981186
4981288
4982478
4984474
4987509
4989741
4991884
4992952
4995697
4997728
4998744
5000220
5001362
5003103
5004038
5006178
5013772
5013862
5014261
5014850
5015881
5020559
5023107
5023609
5034732
5039446
5045311
5049921
5051016
5052273
5055323
5056854
5057792
5058671
5064042
5067331
5070615
5073169
5073362
5078634
5079108
5079658
5081956
5084812
5085426
5086224
5086815
5087883
5088318
5090260
5091874
5095219
5095665
5097342
5103614
5103959
5106540
5108624
5109578
5110801
5111690
5114885
5116287
5120058
5120321
5123726
5123988
5127094
5130494
5131794
5141664
5141976
5142805
5146989
5147337
5147491
5147497
5153049
5154324
5156377
5156448
5157082
5157910
5158288
5159177
5160845
5164228
5169540
5176431
5177202
5180466
5181878
5181914
5187464
5188197
5190060
5190527
5191035
5191125
5191585
5194672
5196053
5197208
5200843
5203588
5205867
5210615
5211526
5211997
5212057
5216328
5220473
5220867
5223215
5225791
5227927
5229782
5231907
5235043
5240154
5242454
5247096
5248702
5254358
5256180
5261038
5261091
5262223
5264892
5265131
5265173
5265283
5268001
5269362
5271670
5272969
5273538
5275202
5276905
5277390
5278281
5280993
5285734
5286131
5286808
5287062
5290090
5290719
5293331
5293645
5296280
5297621
5299084
5303889
5304142
5304313
5304514
5309978
5311252
5311904
5313749
5314571
5318834
5319045
5321516
5321615
5327953
5330412
5330608
5330748
5331449
5333684
5334808
5339676
5341271
5341336
5343133
5344413
5347336
5348009
5348826
5351581
5351658
5353483
5354689
5357608
5358762
5359763
5360384
5363846
5364582
5367574
5369478
5372937
5373218
5375328
5377701
5378688
5379448
5381563
5383528
5384014
5384261
5385767
5386039
5388699
5390408
5394436
5395263
5399178
5401134
5403910
5404421
5406138
5407794
5410225
5412725
5412732
5416566
5418585
5420769
5420850
5426223
5429783
5431744
5434353
5435726
5435829
5436525
5438014
5441046
5442931
5445471
5445915
5446554
5449192
5449779
5452923
5453242
5453991
5454733
5456201
5457925
5461441
5461771
5462566
5463031
5463422
5466759
5466952
5473642
5473886
5475955
5480805
5484617
5486212
5486613
5487539
5488672
5491242
5492067
5492624
5495691
5496546
5496637
5497254
5499160
5500741
5501313
5505696
5507852
5508523
5509816
5512025
5513227
5514341
5515204
5517542
5521797
5521982
5522368
5523741
5529192
5534644
5535134
5535604
5536419
5536423
5536437
5541213
5541365
5542261
5544197
5546598
5549275
5549681
5551097
5551239
5555306
5556244
5556992
5557981
5563027
5563369
5564054
5569805
5573331
5573740
5573804
5577168
5581143
5582085
5583668
5583670
5584511
5586637
5587254
5589562
5591168
5592916
5593988
5597509
5601145
5601870
5601924
5602040
5602373
5602725
5607891
5615212
5615569
5616298
5616877
5619471
5620102
5621387
5623808
5626317
5628546
5629415
5630845
5634929
5638669
5644470
5645153
5645239
5646508
5646740
5647723
5651385
5652166
5652180
5652452
5652855
5656908
5657857
5658781
5659737
5660085
5660735
5660856
5661360
5668111
5673078
5673280
5673738
5674300
5675295
5675806
5676344
5679479
5683620
5684411
5686689
5691051
5700760
5702908
5703615
5704349
5704584
5704833
5706127
5706186
5707055
5709003
5709307
5709589
5711138
5711921
5714950
5715033
5719058
5719137
5720146
5720929
5721241
5724605
5727819
5731339
5737262
5738437
5738906
5740129
5740940
5743997
5745937
5748738
5748882
5754692
5755258
5755753
5759833
5760871
5762073
5762609
5763045
5763349
5764875
5766254
5766299
5767983
5767988
5773635
5773770
5774031
5775439
5779501
5780180
5780760
5781385
5783948
5787111
5794470
5797471
5800280
5801758
5805846
5806491
5807830
5809645
5814008
5817333
5818328
5821385
5821432
5822485
5822750
5825199
5825365
5826000
5826408
5829985
5830804
5831968
5832487
5835352
5840051
5842114
5846100
5847157
5847335
5847497
5848332
5849206
5849831
5851488
5851849
5852978
5856118
5858727
5859211
5859346
5863135
5864504
5865282
5866164
5867361
5868037
5869739
5870027
5873785
5876092
5876453
5879355
5881321
5882031
5883080
5885254
5889203
5889241
5890267
5892494
5894268
5899249
5901968
5907632
5910221
5911009
5913312
5913393
5916425
5917670
5922851
5923486
5926500
5926536
5926678
5932060
5932259
5933371
5934822
5944162
5945471
5946781
5947911
5953521
5955049
5957247
5957695
5958043
5958180
5959449
5960218
5961208
5962957
5963979
5965521
5966040
5968271
5972210
5974391
5982538
5984696
5985747
5992400
5997920
6000960
6007583
6008621
6009547
6009834
6011597
6016177
6017828
6021920
6022074
6023291
6026058
6027161
6028222
6030924
6034201
6035233
6036517
6036559
6036587
6037657
6038323
6042562
6043499
6044114
6050866
6053275
6053329
6055497
6056606
6056639
6056718
6057093
6063851
6065701
6066463
6067640
6068906
6075099
6075296
6082973
6083708
6084301
6089046
6096428
6096757
6097225
6098174
6102864
6103166
6103816
6104074
6104431
6105771
6107008
6110225
6115384
6116325
6117037
6129557
6132593
6142871
6143627
6148743
6151923
6155174
6155794
6156491
6167034
6168056
6168616
6172876
6174806
6175752
6178942
6179881
6182645
6185360
6186272
6186612
6188306
6191586
6192055
6192169
6195912
6204977
6212961
6215286
6218595
6219359
6220420
6221868
6222364
6223207
6228650
6230847
6231789
6234455
6240412
6241223
6241838
6242524
6242972
6243300
6244148
6246750
6247169
6247314
6249013
6253196
6253296
6254232
6257498
6258650
6261434
6262252
6263063
6265652
6265811
6267500
6269846
6271076
6273975
6276546
6281899
6284124
6284770
6285595
6290558
6291480
6293775
6295078
6305919
6310902
6314470
6314629
6316528
6319603
6321147
6321230
6321489
6324816
6325179
6327283
6328224
6334432
6338379
6338588
6339600
6341775
6342636
6347151
6351677
6357228
6357816
6358467
6361219
6362070
6362989
6364721
6370674
6370887
6373447
6373668
6374428
6382715
6384598
6386036
6387039
6388031
6390038
6391454
6392173
6392213
6392933
6396647
6399308
6399575
6399695
6399744
6406212
6406707
6409251
6415865
6419167
6419490
6422464
6422922
6423696
6428429
6431508
6439583
6439772
6441603
6442816
6443958
6445648
6446667
6447214
6447690
6448410
6451045
6451929
6452595
6454806
6455318
6456290
6457725
6458426
6459963
6461818
6462058
6469389
6470326
6472491
6472656
6473007
6473168
6473260
6474249
6475401
6475764
6476459
6479309
6480824
6483873
6490248
6491032
6493204
6493287
6494518
6497172
6497868
6498296
6506397
6508575
6509754
6512867
6513623
6514136
6519990
6522564
6523884
6524743
6525473
6526057
6527477
6527566
6529009
6531123
6532232
6533886
6533969
6534450
6538562
6538674
6542887
6543913
6544697
6545881
6546795
6548578
6550419
6565051
6570844
6572166
6573564
6573609
6577256
6577271
6577520
6577980
6582701
6588955
6589227
6594027
6600927
6601243
6601794
6606001
6610384
6610838
6610957
6611386
6611842
6613051
6613495
6614474
6615512
6620407
6622904
6626930
6627646
6630000
6631463
6631800
6633810
6634284
6636748
6641642
6641802
6644917
6647252
6648153
6649228
6649549
6650309
6652509
6653057
6655209
6656058
6656421
6656609
6658231
6659485
6660555
6664992
6668310
6670538
6671330
6673536
6675420
6679395
6680603
6683294
6686247
6687790
6688295
6690325
6691833
6694083
6694399
6698387
6704834
6711603
6712289
6713221
6716176
6716965
6718500
6721924
6722061
6724716
6725022
6726488
6726937
6727019
6733064
6739563
6741068
6741467
6743609
6743838
6744265
6745678
6747525
6751428
6751926
6753271
6756418
6756749
6757475
6760397
6763189
6766195
6775514
6777479
6777668
6781112
6783440
6786602
6787163
6787969
6789112
6789608
6791757
6792422
6792878
6793648
6794106
6799136
6800074
6800240
6800384
6804791
6811326
6812335
6813931
6815055
6815366
6819957
6820441
6823212
6825681
6826046
6826588
6827083
6828297
6829195
6830960
6831702
6835358
6837993
6838512
6841391
6844396
6844633
6846330
6846457
6847301
6848855
6849015
6851059
6852264
6852692
6853238
6853315
6858568
6864620
6864671
6866152
6867151
6867731
6867758
6868198
6870398
6871052
6877040
6877550
6877831
6882516
6882659
6884633
6885343
6887805
6889259
6891203
6891818
6894118
6899894
6908217
6909443
6910676
6912167
6913508
6914655
6916222
6921398
6923782
6924610
6925060
6925490
6926270
6928195
6928684
6931693
6932267
6933427
6936215
6936673
6940732
6941455
6943082
6943551
6947733
6947891
6948874
6955345
6955597
6957687
6960988
6962081
6963466
6964391
6964542
6964628
6965186
6965565
6966034
6966407
6967661
6968740
6970469
6972237
6974147
6975740
6981868
6982920
6985044
6987059
6989457
6989882
6990493
6991095
6991906
6992380
6993507
6994892
6994955
6997660
7002640
7011348
7011816
7012313
7013658
7013740
7014053
7014088
7016605
7017205
7026821
7029699
7030482
7031751
7032595
7036282
7040722
7042332
7048797
7049938
7050078
7050334
7052730
7057175
7057695
7060560
7061546
7062049
7065767
7067265
7068418
7068821
7071345
7072788
7074190
7079782
7081511
7087987
7088120
7088438
7090342
7097852
7098142
7100047
7101416
7102849
7103742
7106807
7107224
7111055
7116476
7117395
7119099
7122047
7122122
7125462
7127902
7128949
7132701
7133151
7135370
7143103
7144183
7144501
7150135
7152425
7154496
7156120
7159515
7159552
7168590
7168685
7173067
7173174
7176640
7176763
7176996
7177216
7178189
7179214
7181498
7189363
7194448
7197196
7204428
7206852
7210955
7216100
7216624
7221274
7223914
7225355
7226245
7229095
7229513
7230052
7230508
7231881
7232048
7232703
7234021
7235386
7237186
7237505
7237842
7239567
7240155
7240221
7243025
7245384
7245558
7248437
7248608
7249558
7253109
7255164
7256010
7256485
7256604
7257498
7268935
7270999
7278162
7280998
7281172
7286013
7290102
7291227
7293516
7295841
7298288
7298730
7301886
7302532
7303181
7304523
7307781
7308407
7310134
7312828
7314787
7315550
7315731
7316545
7321739
7323095
7324235
7329162
7330040
7331128
7333693
7336031
7336716
7338169
7342253
7343138
7344169
7344226
7344538
7344973
7345188
7348285
7348376
7348866
7352124
7354653
7357519
7360021
7360205
7361607
7366197
7367888
7373465
7375816
7379219
7381216
7384554
7384843
7384853
7387786
7388487
7392430
7401434
7402367
7405787
7406313
7407227
7409002
7413810
7415782
7419828
7421742
7421890
7422159
7423379
7425271
7425960
7430775
7430856
7431947
7433889
7438527
7440897
7441537
7446759
7448626
7449232
7451256
7453583
7458984
7459195
7464272
7466041
7470745
7476321
7483703
7485781
7488048
7489770
7492122
7493512
7494140
7496289
7498440
7502635
7504590
7507678
7508847
7510860
7513958
7515151
7518028
7519462
7519672
7524651
7525218
7525609
7528519
7529510
7530737
7531927
7533368
7533655
7537739
7540991
7541242
7546790
7546923
7548352
7549050
7549264
7552205
7558482
7559302
7559707
7560624
7561043
7561081
7564738
7567041
7572719
7573293
7574504
7581918
7582615
7584124
7584603
7585713
7587157
7587717
7589244
7595433
7597811
7599000
7599179
7603861
7604835
7605301
7608595
7609328
7611719
7612000
7612619
7612637
7623558
7625440
7629040
7630462
7630746
7633009
7633454
7637388
7639718
7640577
7643239
7646180
7646962
7647144
7650139
7661368
7661422
7664937
7669697
7671132
7675065
7676328
7676643
7680867
7684079
7684644
7685585
7690289
7691040
7692601
7692852
7694201
7700559
7702130
7702600
7703425
7704414
7705562
7711674
7712088
7713618
7716219
7717125
7721194
7721940
7725375
7726278
7734897
7737450
7739073
7743029
7747558
7749950
7753015
7754037
7754954
7757598
7758994
7761344
7761516
7762818
7764774
7768661
7773315
7774908
7775509
7777745
7778707
7779078
7780294
7781374
7783302
7785135
7786515
7787427
7789282
7789324
7789765
7790132
7791181
7791973
7794328
7795317
7795589
7798437
7800618
7807306
7807783
7808455
7812329
7814001
7814315
7815936
7817355
7818161
7818924
7819017
7819391
7819790
7834024
7834039
7836100
7841590
7843599
7843972
7844636
7848161
7850367
7850714
7851124
7852006
7852342
7856330
7856574
7856621
7859367
7860071
7860580
7865151
7866094
7872146
7875515
7878486
7878788
7879441
7879459
7880800
7883791
7886668
7888944
7889214
7892287
7892367
7897637
7899800
7905357
7905758
7906344
7911263
7912750
7916132
7919341
7919659
7923341
7924069
7924156
7926771
7927518
7929608
7933376
7933389
7933624
7933913
7936689
7936851
7938647
7940171
7942728
7942957
7944113
7947043
7948334
7953631
7956998
7959324
7964391
7965884
7966954
7970508
7970840
7971321
7972370
7974615
7976160
7976696
7990423
7991744
7993456
7993601
7993706
7993940
8001728
8007306
8007381
8007890
8011716
8011828
8013017
8020841
8026447
8026509
8028257
8028423
8028683
8031040
8031541
8032153
8032492
8034115
8036280
8037819
8037856
8040925
8043916
8044729
8045120
8046948
8047162
8048269
8049825
8051452
8060771
8062410
8064069
8065474
8067031
8067302
8072612
8073134
8073904
8074640
8077146
8077316
8083503
8085037
8088715
8091328
8091395
8095082
8103581
8104286
8104719
8106066
8107945
8110294
8111074
8111690
8114426
8115211
8118068
8118110
8122711
8123009
8125750
8126180
8126331
8127862
8129790
8129972
8130626
8135923
8136599
8136827
8137093
8138152
8139000
8139498
8143897
8144331
8147256
8152408
8157516
8158843
8159346
8159584
8160640
8164675
8164956
8165897
8171669
8186598
8187328
8191280
8193816
8194435
8198915
8199491
8199738
8200754
8202052
8202742
8212750
8216675
8216735
8222281
8222437
8223374
8223833
8225877
8226841
8228800
8229671
8231954
8233478
8233551
8236853
8238588
8240626
8241069
8243169
8243736
8249890
8252453
8257243
8257456
8259287
8261848
8263136
8263833
8264906
8267053
8268151
8269742
8270708
8274609
8274777
8276967
8280563
8281992
8283770
8284230
8284334
8291668
8292058
8293724
8295510
8298213
8300562
8301323
8302378
8310762
8311813
8311909
8320485
8325468
8326573
8326965
8327387
8328698
8329205
8329223
8329867
8330333
8331168
8339796
8340093
8342887
8344080
8344795
8344953
8345743
8348205
8349890
8350711
8350722
8350732
8352227
8355436
8358564
8363469
8363662
8364447
8365444
8369064
8375604
8383337
8383963
8386402
8392448
8395397
8396415
8398462
8398590
8399895
8401456
8402234
8402456
8403592
8404155
8406301
8406383
8409531
8411418
8412071
8414382
8415082
8425502
8425847
8426142
8428884
8438098
8439799
8441032
8441846
8447003
8447626
8447701
8450313
8451948
8454318
8456262
8457529
8461298
8462013
8462439
8465428
8465912
8466588
8467118
8469203
8475762
8476671
8477333
8481146
8481280
8484666
8488024
8488229
8489585
8491276
8491303
8494065
8498042
8498952
8500106
8501036
8501440
8502726
8504022
8504678
8513252
8514602
8517677
8519511
8523322
8526268
8526480
8526503
8532774
8534390
8536131
8537808
8540636
8540765
8545760
8545821
8545884
8546699
8546919
8547785
8552248
8554704
8559748
8564365
8564660
8567382
8569698
8570882
8571843
8572478
8575064
8577776
8579241
8582977
8583826
8586309
8588110
8588526
8590965
8591617
8592454
8597259
8597401
8599246
8599347
8602171
8603138
8606605
8608630
8611476
8612505
8613556
8613730
8615924
8616451
8619229
8626800
8629251
8634282
8635634
8635843
8642693
8643096
8643715
8652647
8654758
8655832
8656042
8657008
8658743
8659105
8659400
8661239
8662398
8663286
8664262
8667280
8667294
8669123
8671264
8682224
8684057
8684225
8685597
8686567
8687016
8687733
8690787
8692546
8693854
8695853
8696668
8698022
8701117
8702031
8702925
8704723
8705557
8707061
8710698
8714163
8715788
8719167
8720372
8725526
8725887
8731600
8731876
8732175
8736647
8736981
8738131
8738645
8739150
8739184
8740334
8740397
8740630
8741869
8741963
8743818
8750966
8751712
8752399
8754387
8756484
8758017
8758044
8760483
8767681
8768524
8769474
8770913
8772414
8772722
8772727
8773356
8774202
8775714
8777129
8779532
8782279
8782562
8782812
8782879
8786219
8790199
8790322
8790989
8792082
8792665
8793891
8795058
8795947
8798655
8800583
8802874
8804976
8807084
8811756
8812513
8817685
8818083
8825128
8828218
8829185
8829265
8832338
8837530
8845809
8845814
8845865
8846214
8849918
8854702
8858351
8858998
8860165
8861724
8861731
8862865
8864161
8867648
8867727
8867819
8869895
8870483
8870523
8871769
8871890
8871961
8881298
8882266
8883924
8886181
8889676
8889895
8891508
8893897
8894833
8895326
8897973
8898936
8899900
8900030
8901087
8901417
8903169
8903492
8908651
8909376
8911245
8911310
8914302
8914562
8917302
8922344
8923929
8924756
8925969
8930785
8935905
8937449
8942728
8943716
8944570
8945322
8946175
8948332
8949432
8949619
8951111
8952142
8952789
8966724
8966817
8970399
8978172
8980855
8980946
8981187
8985393
8988750
8989126
8989436
8990356
8990764
8992508
8994592
8995511
9001529
9005114
9005194
9011916
9015621
9018973
9020498
9023391
9023557
9024045
9025411
9027562
9028451
9033729
9034941
9035414
9036069
9039292
9039545
9039566
9040677
9043833
9044795
9046097
9046160
9047622
9049508
9051239
9051740
9055480
9060584
9061612
9064712
9066387
9067227
9067945
9070351
9071272
9071739
9071969
9072441
9074006
9075573
9077455
9079916
9081651
9088140
9091910
9094374
9094833
9096910
9098332
9100969
9101526
9102184
9104579
9106041
9110610
9113000
9113856
9116155
9116285
9116542
9118494
9119683
9120930
9121690
9126129
9127588
9138900
9145715
9147906
9151221
9151979
9156247
9158493
9158922
9161744
9164925
9164999
9171581
9173372
9173713
9177977
9178345
9179299
9180014
9184841
9187674
9189642
9191173
9197380
9197771
9199461
9202878
9207404
9208180
9208844
9209747
9212785
9213685
9214711
9214912
9223746
9230365
9234459
9239128
9240732
9242578
9244897
9245005
9251578
9254177
9260400
9269237
9271159
9271459
9274019
9275327
9276466
9276965
9281844
9283360
9285621
9285741
9286838
9288277
9288317
9288715
9288769
9288996
9289660
9294402
9294783
9295583
9298788
9304465
9305172
9306933
9314512
9324104
9325183
9325365
9325616
9326588
9327681
9327784
9331753
9332108
9334332
9334817
9336831
9338199
9340719
9343294
9344058
9346291
9346961
9347805
9347970
9348174
9349501
9349626
9353121
9353856
9356103
9356455
9362684
9364162
9364856
9365145
9366419
9370257
9373016
9378696
9380086
9382300
9382986
9383008
9383453
9383488
9383702
9383997
9384533
9385937
9387349
9388764
9390277
9391143
9392044
9394917
9395397
9397620
9403102
9403769
9403904
9404581
9405157
9407277
9407427
9408057
9408404
9414156
9414606
9417311
9419038
9419662
9425140
9427274
9431388
9431779
9433311
9434724
9434974
9435412
9437946
9439400
9439849
9441340
9441517
9442515
9442532
9443931
9444904
9445781
9447123
9447286
9447745
9448611
9454238
9454914
9455587
9456881
9457345
9458772
9463031
9463924
9466272
9466682
9468205
9468679
9470634
9471614
9472469
9475956
9487057
9487522
9488260
9490518
9490608
9491275
9495640
9496782
9499642
9501267
9502390
9502668
9503377
9504842
9505362
9507728
9508814
9509994
9512313
9514055
9516107
9518699
9519003
9519163
9519199
9519748
9520088
9520102
9520620
9520777
9526055
9527421
9529354
9545050
9547799
9550206
9551988
9552276
9554679
9555450
9557447
9558513
9564553
9565694
9567756
9571724
9572055
9572509
9579510
9579613
9580622
9581308
9585565
9590976
9591797
9591799
9594070
9595290
9597733
9598659
9599798
9604695
9604795
9605022
9607406
9611417
9611474
9612158
9613182
9623715
9623918
9624247
9624510
9631673
9635423
9641317
9642635
9643293
9643693
9648091
9648438
9649573
9651943
9653401
9657594
9657860
9658549
9661571
9663965
9666011
9666080
9672934
9673117
9674899
9677698
9681994
9682131
9683072
9685709
9688291
9688433
9692010
9693087
9693987
9694363
9695371
9695932
9696712
9698297
9700215
9702689
9703602
9706288
9708528
9709595
9712994
9713160
9714573
9719257
9719395
9719796
9720146
9730864
9731317
9735042
9739487
9740693
9740865
9743217
9743615
9745017
9747267
9748472
9754506
9756607
9759213
9759614
9761797
9764294
9764525
9765238
9767419
9773225
9774285
9777231
9780291
9781972
9782391
9785772
9785972
9787530
9790384
9790412
9792436
9794875
9795124
9795948
9797134
9797452
9802861
9804277
9807184
9809111
9810783
9812868
9830717
9833025
9833101
9834417
9834470
9841319
9842843
9845282
9845546
9850177
9851010
9852263
9855685
9858901
9862796
9866228
9866262
9869361
9869492
9870602
9872758
9873118
9873480
9875783
9876213
9878666
9879564
9883031
9886343
9886941
9888520
9888640
9891103
9892083
9892319
9892703
9892784
9897321
9898730
9899192
9899649
9899938
9903736
9904097
9904174
9904679
9904740
9905602
9906374
9910454
9911597
9915073
9921485
9922498
9926607
9926916
9930724
9934828
9935523
9936926
9938232
9939791
9941266
9941470
9943006
9943023
9945867
9946698
9948173
9948652
9949795
9950351
9950403
9958706
9963429
9965192
9965808
9966191
9966597
9969376
9970771
9971217
9972343
9974036
9978907
9980170
9980702
9982736
9985283
9988329
9989867
9989892
9989944
9990055
9992872
9995564
9999412
10005352
10013548
10015509
10016282
10017237
10019493
10027576
10027646
10028092
10028465
10030029
10030511
10031784
10031851
10033538
10036575
10039172
10043220
10044782
10046241
10046882
10049709
10051197
10052550
10056363
10057153
10059375
10061528
10063065
10063187
10063313
10063424
10065586
10067997
10068365
10068511
10069327
10072291
10073602
10074956
10075142
10082371
10085098
10088467
10088528
10088918
10090603
10093655
10093762
10094788
10094798
10099898
10100984
10101996
10102277
10104535
10105329
10105518
10110295
10113192
10113223
10114672
10115458
10117866
10117933
10119074
10119355
10119476
10121687
10122019
10125851
10127028
10128864
10131233
10132028
10134482
10136971
10139652
10141486
10144086
10146619
10147702
10147866
10150327
10151823
10152329
10154746
10155100
10155796
10156435
10157848
10160912
10161171
10162284
10162423
10162466
10164173
10166926
10168560
10169664
10170008
10176185
10186625
10189013
10189606
10191689
10196145
10197691
10199322
10202062
10203425
10206166
10207840
10211000
10213781
10214193
10214822
10215857
10217018
10218874
10219253
10220989
10222638
10222986
10223889
10229391
10229756
10229756
10234256
10235605
10239160
10239910
10240864
10242766
10247008
10248121
10257208
10258436
10263007
10264131
10265113
10266578
10267841
10267995
10271570
10284230
10286744
10287242
10287933
10299627
10301511
10308561
10309897
10310845
10316295
10317413
10318315
10320334
10322461
10322536
10324972
10327144
10327781
10328305
10329488
10331850
10334381
10335940
10335973
10336750
10337514
10337605
10342675
10343730
10344616
10345152
10346569
10347690
10349602
10350035
10355235
10355821
10357050
10357288
10359843
10360940
10361578
10362122
10365175
10365963
10366739
10371106
10371762
10372653
10373041
10375917
10376894
10377648
10378397
10379122
10379679
10379858
10386468
10386814
10390843
10394181
10395223
10396659
10397864
10397980
10398269
10398816
10410207
10411465
10411714
10414478
10419145
10420331
10420536
10422403
10422706
10423473
10425021
10425101
10425782
10431281
10435670
10439078
10439570
10441491
10441701
10442995
10443285
10445788
10446150
10447034
10451132
10451978
10452732
10458153
10458166
10458840
10459659
10462112
10463691
10464334
10469937
10473549
10473772
10473884
10474657
10476125
10476652
10482282
10483441
10483959
10485077
10486436
10487966
10490075
10490085
10493093
10495318
10498837
10502323
10502656
10502701
10504476
10505494
10506547
10507201
10507911
10509961
10511742
10513652
10513974
10514113
10517136
10517427
10521499
10521617
10527523
10528627
10529898
10530111
10530420
10532157
10534468
10535429
10540581
10540944
10545586
10551925
10556323
10557201
10559377
10560199
10560812
10561561
10562907
10564081
10564993
10565765
10572747
10574563
10574709
10575766
10578287
10580545
10583463
10584176
10584537
10585388
10585943
10586506
10589286
10590245
10599662
10600436
10601115
10601769
10603137
10603930
10605142
10605442
10605847
10617158
10618053
10619530
10619799
10620699
10622369
10623395
10627934
10628861
10630971
10632631
10634331
10635145
10639335
10643027
10643852
10644078
10650527
10654353
10662207
10663185
10665346
10667292
10668892
10669022
10675277
10679024
10679055
10683792
10685332
10685987
10687886
10690164
10701295
10702946
10705991
10708238
10709520
10710840
10712492
10712910
10714844
10715115
10715280
10715639
10717970
10720817
10722849
10724153
10725485
10725787
10726943
10726971
10729371
10730730
10730948
10732535
10732966
10737900
10738862
10744538
10744998
10746057
10747897
10751337
10755083
10759015
10762027
10762180
10766301
10769239
10771651
10780994
10781470
10785175
10786169
10792079
10792100
10792725
10796192
10796488
10796591
10799945
10800733
10803291
10806192
10806988
10807432
10807557
10808940
10811000
10813704
10814385
10817029
10820006
10820763
10821895
10824174
10827791
10828876
10829553
10829561
10830093
10832037
10833432
10833940
10836487
10836943
10839645
10841836
10843378
10850638
10853078
10853556
10858701
10859308
10859721
10859774
10859829
10863177
10864471
10869628
10872536
10873512
10878643
10880546
10887735
10891371
10895839
10900100
10900633
10901962
10903937
10907425
10911371
10912847
10914194
10916590
10918911
10919534
10920594
10921720
10926552
10926798
10926995
10927103
10927515
10929283
10931691
10934461
10935024
10938169
10940618
10943401
10945439
10947210
10948048
10950969
10953447
10954529
10955667
10956831
10957655
10957666
10959205
10960295
10960573
10968866
10972662
10974166
10974371
10975118
10975463
10976258
10978597
10978763
10979703
10980330
10981869
10984471
10988356
10989266
10991672
10996256
11000345
11005103
11006395
11007113
11009136
11011430
11011588
11013109
11013286
11013728
11015723
11015792
11016190
11019391
11019877
11022036
11022558
11022663
11023072
11023930
11024274
11031194
11032934
11033519
11048453
11048918
11053838
11056265
11056624
11058307
11061264
11061407
11061604
11064051
11066643
11068158
11071586
11072378
11072732
11081103
11081948
11084655
11084797
11085971
11087144
11087565
11088925
11091308
11092737
11094235
11094419
11094679
11096696
11097250
11097620
11098545
11099639
11100386
11112223
11116442
11117073
11118553
11119890
11121999
11123793
11126588
11128736
11129668
11130667
11130717
11137194
11138368
11139748
11139989
11142231
11142936
11145349
11146928
11148424
11149903
11152716
11154280
11155884
11158001
11162686
11164232
11164775
11166878
11172885
11172991
11173368
11175882
11176328
11176903
11178674
11182554
11183683
11184276
11188648
11189282
11193445
11196954
11200286
11203898
11203911
11204977
11206254
11206662
11208253
11211082
11212967
11212999
11214690
11216203
11216372
11218732
11219099
11221142
11222896
11227992
11236946
11237240
11239564
11239999
11241979
11242163
11243703
11245465
11246259
11247011
11247981
11248097
11249432
11249762
11264782
11265128
11266699
11269349
11270759
11271788
11272619
11275496
11279689
11280360
11282815
11285035
11287100
11289464
11290685
11292776
11299420
11299821
11300064
11303223
11303724
11304343
11304466
11305272
11305813
11312118
11314282
11315719
11315770
11318718
11322020
11325352
11330767
11331275
11332020
11336081
11338339
11338340
11340009
11340986
11344578
11344765
11348113
11348526
11354234
11356823
11356986
11358724
11361515
11361668
11365273
11369520
11370497
11374260
11381290
11385899
11386136
11391534
11395466
11396283
11396951
11398547
11403526
11403557
11405030
11406176
11406216
11414934
11415647
11415961
11417530
11418533
11420805
11420979
11421460
11423404
11424514
11429827
11431918
11432016
11432085
11433400
11433454
11438111
11441017
11442024
11442259
11443372
11445471
11448122
11449946
11451192
11451831
11457417
11464000
11464379
11466496
11468925
11470532
11472573
11473358
11476752
11478394
11482753
11485638
11489108
11489447
11489453
11491836
11493741
11498589
11500523
11501410
11502440
11504081
11506485
11506545
11512019
11517281
11521351
11522199
11522502
11522581
11522722
11524557
11529002
11529142
11534819
11537481
11538931
11541327
11541941
11542885
11544218
11545000
11545266
11546946
11548154
11551074
11552513
11553122
11553209
11554044
11554592
11555963
11559764
11560102
11561154
11564849
11567565
11569567
11570623
11570760
11571569
11573029
11582127
11582205
11583834
11585778
11586275
11588241
11590279
11591537
11593119
11594703
11599922
11605244
11606110
11606894
11607851
11609015
11614011
11616677
11617708
11619809
11621034
11625586
11626177
11629853
11630644
11638610
11642735
11645579
11646716
11649326
11650688
11652882
11653865
11654017
11654329
11659584
11661523
11663113
11663950
11665643
11670068
11672305
11674748
11675061
11677041
11679816
11683281
11688864
11690870
11691440
11693343
11695210
11698551
11698554
11700052
11701268
11702390
11703375
11703539
11704638
11707347
11708408
11714244
11715918
11715950
11718899
11719879
11726200
11727073
11727945
11728021
11728810
11730374
11731877
11733962
11735389
11737327
11737649
11738411
11739995
11742171
11742683
11743920
11744680
11751551
11753519
11754957
11755549
11756354
11757257
11758862
11759334
11761375
11768743
11769672
11773116
11773263
11773455
11774651
11774723
11780073
11780503
11784024
11792080
11792615
11794376
11798695
11800123
11800778
11803556
11804151
11804444
11804869
11805310
11805347
11805640
11808564
11814486
11816492
11820377
11822380
11822527
11826273
11826927
11832233
11835518
11836624
11839039
11843321
11844224
11845913
11846470
11855114
11857330
11858661
11863290
11863588
11863951
11865225
11867723
11867889
11873624
11873728
11875463
11879189
11879843
11880683
11888164
11888911
11890808
11890934
11892230
11892834
11893031
11893379
11893510
11893581
11893952
11894065
11897001
11905762
11907627
11908299
11909966
11916545
11917871
11918392
11920614
11921283
11921332
11921971
11923339
11925712
11925951
11927777
11930475
11931351
11937095
11937594
11940230
11944009
11944805
11945771
11947895
11950772
11951329
11955631
11956005
11959384
11961198
11961228
11962890
11965235
11966258
11966961
11967484
11971077
11976412
11986009
11987166
11992090
11997192
11997887
12000147
12000440
12004076
12004604
12004683
12008090
12008601
12010424
12010824
12011517
12012191
12012470
12016290
12017031
12019711
12023613
12025366
12026485
12028608
12029771
12029838
12035611
12036527
12038376
12041516
12043794
12044236
12044903
12045357
12045401
12050033
12051027
12052085
12054960
12055439
12058115
12060152
12062288
12067448
12068010
12069994
12072075
12077544
12081649
12085491
12088098
12089752
12090063
12090980
12091046
12091844
12092267
12093467
12093614
12096755
12096923
12097014
12100711
12102638
12105527
12106518
12107803
12108580
12113681
12117949
12118236
12120697
12122395
12122838
12123241
12125031
12125535
12132513
12136111
12137010
12139791
12140931
12141737
12143658
12144374
12149554
12151517
12152339
12153383
12161249
12161821
12163572
12165915
12166967
12169266
12169901
12170160
12172776
12173966
12174697
12175880
12176000
12177905
12180841
12184584
12186440
12186980
12188260
12189108
12189114
12192183
12194622
12197491
12203813
12204992
12206571
12206676
12207507
12207643
12212682
12213356
12214453
12214575
12215493
12218343
12219883
12220114
12221208
12224182
12231517
12231549
12233110
12233136
12233398
12234398
12235608
12237583
12239166
12246098
12246459
12252675
12252749
12254890
12255449
12258695
12263254
12263933
12265513
12266434
12266542
12267832
12271182
12272193
12276131
12276134
12278093
12278304
12279656
12280713
12282101
12282469
12287161
12287565
12287877
12289069
12289941
12292883
12292894
12294164
12296839
12297746
12300256
12303079
12305540
12306113
12307623
12310832
12315297
12316905
12317731
12322529
12324980
12325618
12326207
12328074
12328774
12329247
12329395
12329490
12329595
12336208
12336210
12336787
12339309
12342915
12345678
12345777
12348696
12350806
12352583
12352771
12354799
12355716
12356059
12356598
12357399
12359198
12359495
12361215
12361620
12361835
12364189
12364976
12367772
12369890
12370220
12370365
12374770
12378241
12378720
12380670
12381087
12382293
12383427
12383475
12384032
12386592
12386592
12386607
12387324
12392036
12393894
12395563
12398877
12402683
12404260
12411184
12412783
12422476
12422535
12426179
12428148
12434019
12434196
12435203
12435918
12436799
12440443
12450930
12451588
12454015
12455396
12459830
12460663
12460951
12462141
12465321
12466542
12468203
12469389
12471652
12472114
12472500
12474467
12481836
12482345
12484060
12486753
12486791
12487364
12487450
12496258
12497259
12499633
12501834
12505870
12507969
12513579
12514860
12515133
12520355
12524638
12525126
12525721
12526868
12530670
12533266
12537332
12537495
12539139
12540617
12543208
12545805
12552113
12552588
12559871
12561610
12561932
12564818
12567490
12568043
12568885
12570218
12571171
12571728
12581990
12582469
12584050
12584694
12584982
12585651
12585961
12593028
12594630
12595674
12596067
12598388
12598727
12602734
12603158
12604449
12606027
12607281
12611127
12612294
12614434
12622332
12622631
12623689
12627288
12629309
12630135
12634973
12635184
12640289
12641020
12641874
12642347
12643215
12643437
12646037
12646361
12653704
12654992
12655864
12660976
12661945
12662039
12662621
12663310
12664023
12664738
12665410
12666720
12669407
12669750
12669921
12670184
12671179
12675450
12675551
12675633
12679025
12679591
12680827
12682999
12684852
12688231
12688968
12689135
12689210
12689332
12690556
12692509
12692722
12693093
12693833
12695870
12699348
12702561
12704086
12706835
12709072
12709908
12710706
12711138
12711817
12711905
12712405
12713979
12717267
12721469
12725245
12725612
12730055
12733394
12735002
12735196
12737170
12737766
12741965
12745526
12745797
12746422
12746838
12747164
12751448
12752895
12755858
12756679
12760164
12761240
12761346
12764588
12765154
12765742
12768018
12773779
12775169
12776208
12776712
12777125
12781116
12782350
12782470
12785208
12786870
12787400
12788515
12789060
12791423
12792578
12797343
12797428
12800451
12803438
12806026
12811224
12813273
12814139
12817403
12818160
12818577
12820643
12826005
12826098
12827905
12831714
12832567
12837504
12839899
12842524
12844083
12846690
12849308
12851297
12853893
12855877
12857488
12859043
12859619
12861413
12862565
12868259
12872851
12874909
12877223
12883667
12884454
12888855
12891155
12893370
12894522
12894558
12896949
12897254
12899227
12900121
12905223
12905416
12906840
12910387
12910447
12912597
12916639
12917003
12919064
12920089
12922994
12923746
12924002
12926845
12927692
12929882
12931464
12934896
12935030
12936902
12945099
12945115
12948997
12949575
12953655
12954530
12954979
12956971
12958013
12958245
12958960
12961518
12963019
12963562
12964220
12965706
12967592
12968037
12968214
12968892
12968899
12969680
12974968
12977557
12980846
12983420
12984857
12988195
12988519
12989730
12991875
12993339
12999595
13004865
13008083
13009122
13010059
13013325
13013848
13013931
13014209
13019566
13020584
13021221
13024897
13024936
13027077
13027790
13027810
13028099
13029485
13032661
13032759
13035390
13036244
13038890
13039640
13042441
13043123
13044739
13045711
13046018
13048932
13052008
13055741
13057274
13057731
13058317
13060755
13061792
13061887
13065360
13066604
13074953
13075360
13075850
13076148
13076555
13080391
13081613
13081672
13083918
13084118
13091708
13092312
13096884
13097175
13097998
13103167
13103853
13104774
13104984
13107325
13108903
13112910
13113414
13113830
13114545
13117650
13118276
13122521
13122851
13125661
13125876
13128121
13128472
13129336
13131359
13131643
13138117
13139115
13140832
13141040
13141719
13143872
13144521
13149900
13150258
13151095
13151194
13154298
13154602
13161195
13163115
13164204
13168219
13172582
13175830
13181195
13187322
13187350
13190053
13190305
13190346
13191730
13194093
13194166
13194619
13195730
13197136
13198642
13199619
13200645
13200654
13205754
13209326
13212254
13213199
13213747
13213756
13217634
13219546
13220420
13221055
13222299
13223523
13228179
13236277
13239455
13241822
13242047
13242243
13246332
13248615
13248982
13249221
13249450
13249553
13260690
13265642
13267376
13270184
13271392
13274543
13274625
13274807
13277302
13280627
13285853
13290678
13295176
13300283
13301360
13301939
13303402
13306588
13308201
13308594
13308775
13312199
13318368
13318384
13318799
13320447
13320453
13320624
13321439
13322484
13327885
13330885
13331049
13332249
13332760
13333782
13334988
13335793
13337865
13341212
13350475
13353084
13355147
13355152
13356071
13357063
13365511
13366106
13366909
13371528
13372710
13373462
13377891
13378192
13380479
13381373
13382712
13384013
13386526
13387805
13390603
13392458
13392747
13395205
13404271
13405825
13405857
13413424
13413515
13413813
13414347
13417731
13417785
13422380
13423177
13424308
13424547
13426231
13426270
13427418
13430994
13431366
13432484
13433356
13435140
13437496
13439362
13442004
13444821
13444928
13450443
13455387
13455846
13457616
13460233
13463324
13464258
13464447
13466971
13470558
13472940
13475444
13475660
13477435
13480522
13480848
13482301
13482456
13490190
13490884
13492944
13494937
13497814
13501041
13505188
13508333
13509137
13513642
13515636
13517489
13518608
13520066
13520227
13526291
13531088
13533917
13535238
13536311
13539657
13543764
13547280
13547589
13551313
13553294
13555722
13558252
13558726
13565771
13568312
13570586
13571565
13572086
13573055
13574264
13576373
13577537
13578777
13579510
13580036
13585167
13587345
13588129
13589461
13592086
13592149
13595659
13598642
13599961
13601572
13605088
13606731
13610045
13611308
13612947
13618502
13619383
13620705
13622564
13627309
13630318
13631880
13639937
13640731
13645933
13648999
13652349
13653087
13656553
13656971
13659597
13660536
13661539
13664400
13673808
13674798
13678822
13682978
13683652
13685463
13686056
13689052
13694953
13696679
13702962
13703473
13704512
13704804
13705178
13711372
13712686
13716703
13717296
13721674
13727126
13727188
13728759
13730246
13731447
13737244
13740301
13742462
13745872
13750699
13751173
13753165
13755970
13759062
13759629
13760110
13761581
13761611
13761823
13766810
13767442
13768195
13768556
13771988
13775459
13778229
13778581
13780489
13790498
13791232
13791761
13791954
13792585
13793369
13795655
13796007
13796584
13797504
13798798
13802640
13803235
13804889
13805404
13805476
13806757
13807426
13808010
13808454
13809311
13811179
13817127
13818188
13818795
13819647
13822928
13823772
13830753
13832299
13833592
13840088
13843098
13845988
13849072
13853761
13854727
13854730
13855066
13856103
13858583
13864118
13865639
13867461
13870003
13870991
13875120
13875198
13875575
13878884
13880730
13882531
13884444
13888656
13892667
13893152
13894924
13895670
13896207
13899419
13899964
13900914
13901404
13904005
13904100
13906494
13907466
13908454
13908988
13911178
13911489
13914610
13916970
13924664
13925156
13928431
13933908
13933981
13934885
13935950
13936082
13939119
13942721
13944420
13950944
13951304
13951391
13956451
13956650
13957043
13959975
13960667
13964686
13965585
13973439
13974508
13976915
13977144
13983098
13986114
13987200
13990015
13993175
13995355
13996164
13998051
13998182
13998401
14000540
14003300
14008686
14010385
14013458
14013749
14016688
14019126
14027054
14029289
14032242
14033581
14034513
14036270
14036508
14036547
14039283
14043563
14048602
14050228
14051503
14051803
14052394
14061258
14064633
14067459
14069322
14070667
14070995
14072270
14075227
14077782
14081877
14084785
14088227
14094469
14099581
14102863
14103092
14105952
14108350
14114402
14115024
14124651
14124708
14130207
14130303
14131671
14132085
14132437
14144233
14147471
14150800
14152352
14152634
14152897
14157228
14158342
14159168
14160511
14162771
14163065
14163461
14165396
14166305
14166919
14167310
14169738
14170407
14173028
14176858
14177750
14180425
14182897
14189042
14189726
14190543
14190764
14191021
14192316
14194659
14196941
14198887
14201108
14201268
14201769
14203393
14203777
14207838
14209215
14210181
14212154
14213977
14214656
14215007
14215737
14215840
14223625
14225042
14225504
14227270
14227472
14236637
14242355
14243726
14243894
14244376
14246001
14246926
14247042
14247067
14247464
14249210
14249479
14251136
14253385
14254906
14255346
14258241
14259985
14260128
14260314
14261856
14262175
14263058
14263574
14268188
14269238
14271692
14274639
14274876
14275244
14275962
14277439
14279055
14283094
14285586
14285966
14288006
14288638
14289890
14290679
14292489
14294975
14296960
14297343
14297847
14297922
14305468
14306227
14307244
14308204
14309794
14312332
14312599
14312924
14316506
14320553
14320602
14320731
14321215
14321892
14322106
14323472
14324587
14325576
14327530
14331037
14332466
14332986
14336622
14336725
14339045
14339698
14345555
14346704
14347197
14347346
14348377
14348449
14349524
14350179
14350495
14357462
14358518
14360693
14361883
14366727
14372097
14376108
14377137
14378112
14380415
14384826
14385882
14386847
14388855
14392346
14395365
14397293
14404190
14409903
14410249
14416139
14417599
14424012
14431020
14432249
14433131
14433549
14434807
14435925
14436591
14437441
14438004
14444078
14444085
14446175
14449236
14451885
14453812
14456646
14457797
14458122
14461051
14465122
14472680
14473872
14474362
14475157
14477242
14481398
14481429
14485313
14486139
14487240
14491483
14492814
14496339
14497644
14499948
14501655
14502552
14502578
14504892
14510637
14510926
14512230
14514765
14517382
14517956
14518078
14518341
14524312
14524975
14524996
14525913
14528695
14530052
14531481
14531679
14533403
14533494
14536494
14537856
14545257
14545773
14548174
14554161
14556062
14560149
14560400
14562250
14562621
14567255
14573633
14578052
14578544
14579232
14579715
14579755
14581795
14588260
14591773
14592332
14595168
14597317
14599045
14600994
14604654
14609680
14612220
14612715
14613048
14615052
14615089
14615783
14619999
14623792
14624052
14624402
14626810
14628087
14629290
14630200
14631151
14632114
14634341
14637877
14643843
14648085
14652231
14653394
14653403
14654640
14656205
14660145
14660356
14664133
14665766
14672569
14673782
14674323
14675733
14680248
14680933
14681471
14682758
14687269
14687704
14688974
14689051
14689356
14692535
14693627
14695282
14695948
14697027
14698247
14699130
14699432
14700611
14701112
14701218
14704359
14704556
14704999
14705741
14708363
14709003
14709056
14710338
14714045
14716490
14717602
14718568
14718829
14721059
14724066
14724115
14724321
14724594
14725126
14727222
14728307
14731641
14732956
14733392
14734015
14737551
14738122
14739163
14739378
14740869
14743572
14745122
14748685
14751092
14752791
14755861
14756385
14756903
14765815
14771824
14772263
14781196
14785100
14785733
14786977
14788259
14792421
14794011
14797026
14797273
14797502
14798667
14801408
14801709
14802437
14803314
14805137
14805919
14808609
14809776
14810962
14812250
14812741
14814574
14818029
14818319
14821350
14835912
14837714
14838354
14839325
14839352
14840586
14840849
14842977
14843734
14845085
14845232
14846799
14848773
14850067
14853114
14855519
14857502
14857811
14860153
14860728
14861917
14865171
14867459
14868377
14869779
14869880
14870387
14870991
14872477
14872683
14874695
14880515
14883631
14883686
14884519
14887296
14893683
14902546
14903666
14911658
14911868
14912672
14916847
14917391
14918349
14919757
14920689
14921689
14921916
14924450
14927756
14928954
14929624
14930360
14931933
14933046
14933391
14933696
14935168
14935266
14936355
14936363
14938836
14938903
14940246
14940795
14944561
14947529
14948267
14948615
14949721
14950263
14953949
14957313
14961903
14962443
14968344
14968840
14968865
14971362
14975134
14975970
14976809
14977390
14978820
14980050
14989027
14991062
14991468
14992012
15000892
15002296
15004957
15009285
15010175
15011941
15012991
15013678
15014706
15015222
15015464
15017713
15020214
15021009
15024220
15028385
15030013
15033622
15042163
15043555
15049085
15053903
15063129
15063938
15065644
15069812
15071375
15072428
15072969
15073144
15074818
15079003
15079772
15082024
15084412
15086898
15089552
15090679
15091097
15094368
15095057
15099673
15099987
15102309
15106000
15106598
15108059
15110122
15111957
15113956
15115367
15115776
15115811
15117863
15117910
15120929
15128071
15128441
15133846
15134725
15138943
15139925
15141521
15145396
15145534
15146671
15150082
15153773
15157150
15157362
15157595
15162724
15166118
15171775
15171951
15173326
15174334
15175781
15176326
15178206
15179303
15180262
15181113
15181288
15183805
15183983
15184704
15187666
15188330
15191223
15191822
15194639
15195129
15195835
15196123
15196589
15198318
15200773
15202717
15203151
15204089
15210105
15218216
15220164
15222859
15224064
15226485
15228924
15229144
15231352
15239510
15243848
15245730
15250800
15253120
15253233
15253368
15254543
15256865
15258218
15261629
15268164
15268641
15269421
15271313
15274627
15274718
15275588
15283162
15285367
15286193
15288632
15290471
15293192
15294555
15295455
15295993
15302682
15304139
15305217
15305428
15307535
15312492
15315448
15316025
15316658
15316692
15320471
15322873
15324318
15328370
15331306
15331598
15336692
15338947
15340090
15342338
15342416
15346090
15347169
15347795
15348641
15350138
15351460
15352240
15352885
15357487
15358500
15359602
15360051
15365299
15365703
15373086
15373676
15373807
15376492
15378945
15379297
15380086
15380997
15383811
15387143
15390015
15391831
15392144
15392398
15394711
15396065
15396392
15397367
15399158
15404064
15412693
15418300
15418994
15419272
15420580
15424040
15428497
15428590
15433311
15435792
15436255
15436646
15437488
15439172
15443786
15445749
15445922
15447033
15447755
15451662
15452083
15455417
15456533
15459912
15466445
15467376
15470919
15472312
15473414
15475309
15475602
15476256
15477795
15479397
15479517
15482062
15482234
15483302
15485090
15488870
15493645
15500018
15500438
15500714
15501376
15507093
15510183
15512901
15522498
15525456
15528113
15529999
15532070
15533031
15533980
15535439
15535571
15541303
15546185
15547969
15549630
15549818
15552057
15552343
15554471
15557136
15560045
15562678
15569169
15569195
15569899
15570351
15572897
15574256
15576412
15586502
15590089
15590328
15591043
15591483
15592935
15593320
15595796
15598307
15601263
15610662
15615570
15615644
15616620
15622026
15622121
15623540
15624226
15625630
15625871
15628369
15628505
15628739
15629574
15631457
15633840
15634604
15634714
15635496
15637486
15637802
15640858
15641981
15642821
15644469
15646066
15649349
15651351
15651962
15652424
15653479
15653698
15654598
15654903
15657495
15657845
15658092
15660299
15662143
15662625
15662779
15664374
15666999
15667389
15667703
15669579
15677116
15679336
15679712
15683731
15694616
15694988
15697251
15699421
15699855
15702691
15704509
15706147
15709109
15713600
15714090
15722113
15725388
15727168
15728163
15728980
15729268
15732487
15733569
15734965
15735191
15738556
15739229
15739608
15740062
15743079
15745912
15747402
15750401
15750993
15752348
15752625
15753538
15754135
15754264
15755587
15756604
15756992
15759663
15766311
15768647
15769228
15769825
15773749
15776529
15779073
15779117
15780917
15781030
15782225
15783792
15785389
15789961
15791105
15792718
15793590
15793620
15794460
15807542
15810124
15810127
15811494
15811888
15814852
15816935
15820156
15822040
15825039
15827343
15827476
15830290
15833488
15835569
15837449
15839809
15840011
15841089
15846075
15847471
15850502
15853464
15853644
15854623
15855821
15857725
15863305
15864260
15865883
15867115
15875808
15880362
15882842
15883295
15883832
15883863
15885171
15886241
15890190
15890543
15890822
15893867
15894174
15897812
15899265
15902135
15904230
15905868
15908176
15910464
15919056
15925374
15925459
15926333
15927370
15930816
15932755
15935524
15938067
15938884
15943642
15946118
15946126
15950478
15951803
15952091
15952587
15954594
15955195
15955450
15958940
15959552
15959794
15963200
15963742
15963947
15966844
15968107
15970840
15975318
15975381
15979087
15980499
15983932
15984550
15985210
15986748
15987728
15987781
15991042
15994476
15994502
15998584
15998924
15999086
15999598
16000356
16004160
16004481
16010389
16010795
16012441
16012884
16017823
16022248
16022314
16026870
16029773
16030484
16030962
16031659
16035654
16038004
16040431
16047242
16047648
16060058
16063530
16063972
16065211
16067016
16067444
16067590
16068517
16069313
16070806
16074262
16076708
16080040
16084059
16085090
16086787
16087722
16089833
16091584
16095719
16098696
16104453
16106803
16106820
16110417
16110615
16112912
16112932
16114958
16119646
16119873
16127035
16131143
16131335
16139080
16142130
16146890
16147601
16148206
16149343
16153973
16155293
16158611
16158764
16159114
16161157
16162163
16166863
16170028
16170918
16171772
16173131
16175418
16182387
16183050
16185198
16185373
16186040
16186490
16189520
16192839
16193822
16196604
16196798
16196959
16200914
16201213
16201516
16201830
16203814
16205399
16205501
16205840
16208693
16210766
16214493
16218888
16220348
16222269
16222934
16223916
16224693
16225869
16227229
16228099
16230963
16232134
16232908
16234739
16236260
16238937
16240476
16242705
16246246
16246546
16248143
16248948
16251317
16253885
16255819
16258106
16260311
16261416
16263281
16274307
16274445
16280543
16281918
16284619
16286155
16286450
16287084
16289181
16290485
16298643
16301422
16304056
16305730
16305870
16306214
16306382
16308800
16312204
16315283
16317016
16325168
16325343
16326092
16334762
16335436
16337154
16337885
16338238
16339588
16343138
16344024
16344340
16349735
16350500
16351443
16351886
16353045
16357481
16359555
16360235
16360573
16365429
16369354
16369900
16371160
16372726
16375724
16376424
16376513
16377026
16377638
16378686
16378961
16379180
16380313
16383278
16384963
16395333
16396574
16398831
16401763
16404565
16404650
16404895
16407414
16413995
16415835
16417449
16418838
16421302
16423742
16427485
16428491
16430344
16430363
16434576
16438635
16443639
16443937
16445734
16446993
16451099
16452783
16453001
16455438
16458016
16458739
16458743
16459392
16461417
16461472
16463438
16465307
16465393
16467191
16467876
16471673
16472176
16473995
16474551
16475311
16475580
16480140
16480939
16485185
16489104
16493011
16493221
16493247
16493768
16496962
16498068
16498996
16499673
16501670
16503276
16503571
16506729
16507924
16509850
16510057
16514713
16516300
16517509
16518879
16523011
16524058
16524727
16526053
16526578
16528168
16534163
16535094
16538762
16539266
16542817
16546511
16546882
16548506
16548971
16549283
16550742
16552347
16554088
16555918
16556069
16557542
16558656
16559040
16559429
16560850
16561064
16566537
16567771
16568263
16568815
16568960
16577295
16578787
16579099
16579482
16582056
16584983
16585104
16588446
16588869
16589866
16590441
16590632
16591209
16594969
16595763
16599031
16599703
16606174
16607058
16607235
16607944
16608019
16609927
16613508
16614848
16615256
16616214
16616924
16626413
16627842
16629134
16630070
16631119
16633890
16634553
16639070
16642939
16645507
16647294
16647410
16649184
16650734
16650841
16653741
16658710
16659981
16667134
16671429
16673307
16675028
16678301
16679978
16680469
16682023
16684853
16687139
16687401
16687554
16688651
16688873
16688884
16691493
16693029
16699041
16699225
16699638
16701702
16701771
16708704
16713317
16714122
16714356
16715835
16717480
16717858
16719017
16720682
16722401
16725468
16725533
16727136
16730087
16730426
16732541
16733192
16733266
16738301
16738403
16739252
16740213
16741306
16742655
16750135
16750651
16751368
16751921
16757594
16758163
16760059
16761729
16763621
16766835
16769615
16770936
16771674
16772401
16772450
16773007
16773444
16779836
16786473
16786847
16789328
16792247
16795125
16795151
16797179
16798458
16803867
16804851
16806545
16806555
16806816
16811287
16813250
16816745
16816848
16818643
16822542
16822555
16822791
16826603
16830209
16832662
16836124
16837769
16838076
16839780
16841927
16843011
16845464
16846605
16849495
16850822
16851729
16859316
16860290
16861878
16862927
16865387
16872620
16876206
16878008
16878129
16880897
16881849
16881943
16882734
16884959
16885810
16887934
16888457
16888921
16892506
16893144
16893537
16895939
16900559
16902929
16907543
16908082
16908315
16909547
16909681
16910036
16910622
16913556
16916794
16921831
16923359
16924122
16925305
16926865
16927761
16928146
16929254
16932121
16933439
16934479
16934499
16936003
16937161
16937242
16940466
16945508
16945543
16947261
16947783
16949834
16950276
16951287
16956903
16959524
16960691
16960743
16962315
16964138
16964909
16971294
16971451
16972853
16975041
16977394
16980548
16982757
16984700
16987489
16989115
16989481
16990011
16990526
16995988
16997554
16999475
17000754
17001556
17001859
17002163
17010518
17011072
17012926
17016452
17017540
17019093
17032594
17032766
17033663
17034151
17034534
17035004
17035179
17035540
17037145
17037369
17045544
17047495
17049534
17050135
17053740
17054533
17054680
17056370
17056753
17060121
17064566
17065057
17065855
17066480
17070824
17075089
17079164
17082127
17082391
17082630
17082939
17084352
17084848
17085424
17089097
17089346
17091027
17093556
17095754
17099292
17103027
17106945
17108538
17114202
17115150
17115996
17117930
17119541
17119837
17121095
17121389
17121450
17124215
17125036
17126056
17137975
17145282
17145826
17146910
17148460
17149491
17152634
17153844
17155206
17159602
17161341
17162044
17165860
17171326
17174086
17176803
17179168
17180997
17181861
17183630
17183670
17189738
17190646
17194111
17194447
17199700
17202108
17205398
17207580
17209497
17211047
17213958
17215106
17225325
17226840
17227762
17231331
17237571
17237829
17238225
17238290
17238546
17238571
17243393
17249427
17263598
17264997
17265050
17266294
17267634
17271782
17272940
17275626
17276190
17276769
17278228
17279025
17279336
17282026
17284298
17284733
17286350
17287745
17290246
17291275
17299215
17299684
17299826
17300645
17301101
17301730
17303454
17307209
17307976
17309199
17309435
17309821
17311255
17311861
17312431
17314207
17315752
17316561
17318015
17322260
17325369
17326498
17327215
17327354
17329683
17330407
17334652
17334935
17335655
17339857
17352878
17355233
17355995
17368867
17370610
17374532
17379027
17379897
17380794
17383330
17383867
17385825
17385831
17388492
17388717
17392848
17395727
17396154
17397155
17399808
17402416
17402749
17402868
17405423
17405585
17406657
17409522
17411235
17411750
17413396
17418567
17418605
17419100
17420793
17423237
17424566
17425396
17431149
17432126
17433234
17436271
17437132
17439360
17439536
17441348
17441833
17444144
17445856
17446437
17450940
17454288
17454588
17455245
17455737
17456446
17461174
17463856
17464545
17468612
17471341
17472162
17474878
17478920
17480785
17483371
17484660
17489841
17490151
17490893
17492690
17496848
17499418
17501073
17508109
17508489
17511936
17515510
17519509
17524589
17525401
17525528
17525938
17527692
17528884
17529237
17538393
17540563
17546018
17548350
17548758
17550514
17551342
17557926
17560716
17564805
17571716
17573439
17574755
17576739
17577337
17580026
17582958
17583489
17584038
17586362
17588703
17590505
17593010
17593704
17594236
17595502
17600813
17604618
17604754
17607702
17608237
17611378
17616218
17620058
17622554
17623791
17624427
17626811
17629766
17630027
17630419
17634228
17639456
17641897
17643938
17647023
17648749
17650436
17651647
17652872
17656766
17657217
17660854
17666617
17667075
17667120
17668493
17669572
17683106
17683158
17686131
17690839
17690857
17699893
17701542
17703765
17709787
17711369
17717901
17718444
17721949
17724779
17725804
17726212
17728415
17733148
17734645
17736532
17737112
17739852
17741796
17743790
17745817
17746997
17747772
17749508
17752932
17753114
17753820
17756934
17759317
17760161
17761014
17761448
17769300
17772032
17775706
17776231
17777001
17780667
17781007
17782305
17787094
17787900
17792036
17794243
17795705
17796471
17797879
17801784
17801828
17802183
17803403
17804583
17804583
17805064
17809813
17812080
17816935
17818560
17820205
17822149
17822368
17826595
17826636
17828002
17829924
17831655
17832538
17833068
17833151
17837235
17837316
17840563
17845389
17849402
17851727
17857727
17860698
17861349
17862184
17862863
17863280
17864050
17864364
17867223
17867659
17868201
17872060
17872642
17873094
17877001
17877285
17877960
17878007
17878440
17878666
17881725
17882811
17883919
17884788
17886471
17888253
17889781
17892360
17894063
17894776
17896610
17896618
17898259
17899734
17902194
17903523
17903699
17904887
17909341
17910041
17913618
17916335
17918570
17919201
17920891
17923029
17923136
17923421
17924584
17925569
17926555
17932095
17933904
17942956
17944314
17945721
17946432
17951160
17952170
17955394
17956914
17964297
17965834
17965988
17967727
17973483
17974700
17977356
17979884
17981102
17983134
17984569
17986244
17988319
17989898
18002124
18004375
18018021
18018225
18022919
18023984
18024092
18026187
18026667
18027303
18027788
18032236
18034673
18036699
18037602
18038356
18042048
18042979
18048030
18048816
18051186
18051585
18057650
18057858
18059189
18064531
18065483
18067702
18071962
18074879
18077458
18078661
18079575
18081059
18083766
18087170
18088048
18092984
18093011
18093804
18094288
18094655
18095701
18096485
18101639
18104121
18108084
18108144
18108374
18109140
18109304
18110414
18113242
18117954
18120953
18124841
18125606
18128750
18132218
18132251
18138158
18138881
18142899
18143761
18147616
18148828
18149420
18150730
18154958
18163505
18164572
18164808
18169648
18170746
18171597
18172729
18179315
18182259
18184286
18185992
18187295
18189991
18192182
18192562
18194073
18194422
18196874
18197732
18197902
18199699
18201616
18204658
18204721
18206164
18208121
18209381
18213344
18213437
18214112
18216511
18217343
18217450
18218512
18219297
18221020
18224790
18230101
18230893
18232043
18232897
18235016
18235932
18237083
18237639
18239121
18240606
18240740
18240863
18244774
18246143
18247223
18248788
18252933
18256992
18257975
18258160
18259276
18259378
18265744
18268225
18269560
18269831
18274197
18274532
18275041
18279435
18280107
18281182
18281356
18282075
18283332
18284263
18284273
18288512
18289939
18295804
18298732
18301090
18302295
18303359
18307995
18316977
18317721
18322163
18323014
18325600
18326253
18330500
18333463
18334382
18336543
18337953
18338826
18339552
18341842
18341911
18345297
18345919
18346113
18349207
18349569
18351563
18351866
18356120
18358161
18361423
18361663
18363671
18364714
18366235
18367077
18367258
18370174
18370888
18373497
18374971
18375103
18375121
18375437
18375673
18378849
18379734
18379994
18381490
18382350
18384712
18385257
18393803
18394339
18395198
18399231
18400357
18404784
18404915
18406551
18407822
18419775
18424363
18425400
18426854
18431184
18431673
18433006
18435550
18438871
18442858
18445586
18447091
18448475
18450707
18453445
18454188
18454303
18455141
18456123
18456657
18457487
18457855
18460041
18461587
18464329
18464765
18464985
18466426
18466605
18467301
18467850
18472074
18474146
18475084
18475644
18476361
18480276
18481327
18483846
18484432
18485573
18487425
18494824
18495686
18496298
18496667
18499315
18507480
18510660
18510692
18519444
18521320
18521784
18523212
18523426
18527231
18527672
18528933
18529168
18531389
18532661
18534826
18534879
18535666
18538652
18539983
18545361
18546460
18547007
18547310
18549217
18555711
18556309
18559504
18560159
18564042
18565411
18565910
18566611
18566663
18567519
18567747
18568281
18570753
18571644
18572926
18573250
18575200
18577081
18579463
18579936
18581756
18584268
18589068
18589496
18589816
18592039
18592493
18592844
18594246
18599945
18601044
18601792
18602061
18603294
18605435
18609203
18614770
18621545
18629507
18630009
18636108
18636617
18645286
18645333
18648958
18650805
18652001
18652010
18656690
18656815
18659915
18661607
18663555
18663927
18665065
18666232
18666457
18668457
18669139
18671196
18672392
18673985
18679036
18681450
18681772
18683890
18685472
18689866
18690241
18691861
18695415
18696499
18699479
18701326
18704314
18710832
18711056
18713682
18714431
18714845
18716273
18723041
18724402
18730926
18732594
18733893
18737610
18738729
18739401
18740272
18744921
18748928
18752850
18754431
18754931
18756487
18758801
18760402
18762518
18763246
18763262
18763327
18765289
18767989
18768384
18769212
18773126
18774842
18780609
18781081
18782971
18786011
18788765
18792237
18792652
18794799
18796194
18798240
18798469
18800108
18800786
18801496
18807102
18807603
18809530
18809888
18810338
18811885
18817102
18818263
18818706
18819034
18819239
18823500
18824348
18825717
18826771
18830775
18831723
18831960
18839493
18840789
18843662
18845093
18845481
18846032
18848422
18848544
18849391
18849566
18855112
18856284
18856518
18857825
18858795
18861908
18873621
18876663
18877510
18880082
18881128
18881472
18888043
18888695
18891252
18892141
18892736
18892858
18895727
18898093
18898750
18898808
18905591
18906410
18906916
18910885
18911355
18912241
18912389
18920967
18921136
18923122
18924283
18926467
18927987
18928757
18929176
18930464
18939115
18940356
18941205
18941338
18943263
18943948
18945133
18945448
18946782
18947738
18948398
18949008
18950226
18950262
18950279
18951528
18955007
18959515
18963977
18964068
18964396
18966504
18983393
18984191
18987063
18988338
18990774
18991110
18991907
18997989
19003163
19006380
19013243
19015466
19015709
19017243
19020898
19022023
19022901
19023480
19023658
19024519
19026108
19026125
19029870
19029897
19033058
19033218
19035079
19041176
19042096
19045275
19048689
19049199
19050206
19051002
19054493
19056188
19059009
19062018
19067547
19067818
19069578
19071327
19072649
19073148
19077887
19078081
19081093
19082428
19084186
19085565
19087369
19087490
19096758
19097758
19098651
19099394
19107306
19108923
19115350
19117356
19120325
19124887
19127943
19127952
19130548
19132378
19134287
19138272
19139853
19139983
19141043
19141761
19141868
19144483
19145018
19146272
19148496
19149985
19150939
19154118
19154126
19155975
19160025
19164899
19166868
19167223
19170151
19175340
19176580
19177248
19177717
19177973
19179063
19179285
19179614
19179703
19180041
19180204
19180748
19180979
19181457
19181982
19183532
19184571
19190157
19191881
19192412
19192803
19193787
19193822
19196787
19201831
19208699
19210311
19211401
19214990
19216064
19219209
19220196
19220604
19220770
19221306
19221527
19223915
19225280
19226295
19228183
19229186
19231276
19231776
19232246
19242119
19242334
19243927
19244116
19246952
19253232
19254520
19257800
19259378
19262334
19263593
19263932
19265890
19266347
19269731
19270587
19271322
19273628
19275611
19277416
19280828
19288200
19288976
19290320
19294646
19298131
19298529
19299185
19308480
19308666
19311877
19312132
19313456
19315012
19315446
19316781
19318065
19318731
19318809
19319845
19321796
19322493
19326641
19340994
19342919
19343379
19344049
19344094
19345025
19349352
19349461
19350870
19350887
19358235
19361676
19368480
19373459
19379305
19380643
19383645
19389005
19389741
19390090
19394844
19406683
19410775
19410970
19411075
19414287
19414697
19415841
19416942
19417575
19418187
19419048
19419732
19421000
19423125
19426903
19427415
19428436
19428752
19432048
19432866
19435003
19435026
19435694
19437132
19438359
19441669
19442867
19442914
19444257
19445852
19449162
19450743
19451734
19452964
19453624
19454170
19455268
19456073
19459498
19461467
19461924
19463439
19464168
19464730
19464744
19474634
19474855
19475344
19479641
19479711
19484414
19485045
19485483
19485727
19488075
19489113
19499913
19505492
19509164
19509203
19513617
19513817
19516672
19517934
19518947
19519547
19519590
19519899
19521580
19525661
19526917
19528299
19528628
19529004
19534252
19534904
19537123
19538163
19539813
19541665
19542171
19544301
19547165
19547972
19548407
19549221
19550128
19550830
19551231
19551930
19553479
19554358
19556285
19557001
19559531
19560290
19562049
19562771
19564826
19567674
19568266
19569286
19572257
19575383
19575582
19578094
19580383
19581947
19583544
19585497
19586490
19587758
19590994
19593230
19599941
19600735
19600927
19601847
19602754
19604708
19607572
19614496
19616116
19617294
19618590
19619053
19619724
19621041
19621470
19628210
19629356
19629517
19630253
19630588
19631093
19633698
19634461
19638142
19645796
19649091
19651104
19658695
19659817
19662380
19663051
19665345
19671027
19672159
19673041
19673737
19675413
19678120
19678941
19679952
19681956
19682570
19682572
19682601
19683122
19686587
19686907
19688117
19688770
19689832
19690523
19691886
19692486
19692777
19693052
19694102
19694133
19696226
19702939
19703672
19705107
19709519
19712283
19715636
19717130
19719020
19719740
19720581
19720924
19722514
19722941
19724579
19728952
19729688
19732346
19734918
19735327
19735604
19737479
19737635
19743677
19749402
19749881
19750976
19752128
19754263
19762021
19762049
19765227
19765706
19766380
19766418
19766553
19766793
19766982
19769805
19773768
19774682
19777678
19778527
19788140
19788950
19789739
19793942
19794676
19795815
19797215
19797371
19797859
19799193
19800811
19801573
19804529
19804689
19805186
19806901
19807970
19808735
19809199
19809655
19811481
19812420
19814483
19816929
19818303
19818541
19819677
19820055
19820493
19820849
19821347
19822192
19826953
19828875
19831594
19833145
19835046
19836340
19836500
19837309
19837584
19842271
19845595
19846758
19848859
19849780
19849868
19850869
19853734
19860034
19860391
19873024
19875019
19876463
19878382
19883942
19884730
19885026
19885375
19885788
19886397
19887222
19887789
19888105
19889739
19890673
19893582
19897425
19898295
19898372
19903382
19903712
19906722
19906940
19907840
19908273
19909815
19912588
19913669
19916255
19916823
19916849
19921882
19922831
19926887
19927642
19938764
19940528
19941261
19942899
19943595
19944901
19945340
19946830
19947574
19949230
19949270
19952227
19954545
19955965
19957392
19958661
19959146
19960243
19965333
19965755
19967018
19968400
19972240
19975145
19975175
19976732
19984967
19987123
19987126
19989156
19992792
19996981
19998635
19999968