3875287
16037208
354377
19642827
16541409
10043388
6651625
8711694
8970347
1099616
18271710
4906199
613588
7760078
18531981
14862112
13611107
12217862
6666774
8238480
8031202
4509948
12500409
14292029
5520180
19581609
1827958
2869974
11583837
15379904
9387522
13799888
15188478
8006898
8621421
1845574
15636155
17277648
1349319
1240479
13230954
7629458
18822083
3699077
8809940
3034260
216911
14733313
5731229
1766143
17197945
11379347
1285213
8088453
2310418
14588993
1769831
175136
6900670
16218679
5615307
17716763
15933183
1944680
5875951
16105047
10527839
11913291
15610459
9244277
18156576
13490798
15330177
17135589
19023741
657821
15780850
19881074
4166210
11762991
13139549
12943768
3479031
2641758
14077362
10015943
13155391
13306859
12122362
14507573
2609372
13348558
1424954
11414133
6862745
9443452
8144284
17456914
11720794
18358219
878777
1870419
13025103
4867084
3727571
5872452
4841234
10583923
15899583
12250596
17140229
6506772
18734644
348739
1132557
18929680
14425129
3499042
4711076
4145413
16707206
19560402
12532744
17487000
5323074
3708489
3436736
2263537
15527118
2400325
6758925
14733741
7688567
9090021
15669249
18747168
7503997
2699186
16549603
5877834
17966561
11531751
19255274
12868004
15966174
11648032
2915186
5055720
50203
16370636
7624917
16549728
16076256
9007970
6530733
11711007
11133979
6344606
11161023
10122923
3906393
17828154
3262109
2814524
6976427
282231
18190209
7986325
2349286
9158230
11269790
3871679
15184920
15921020
18001961
9799707
14714901
18356712
10047894
15047788
17303819
17421359
1239415
14937270
14792882
7811803
4407308
8244412
4872074
16918410
8829161
17688011
8527544
15067828
3925600
8598965
12497722
8933938
9214041
9146457
1989773
1517003
18458029
2101924
12266277
14359626
16709513
18234537
11886900
12339762
3530597
2332081
10255831
5724969
17515695
6813327
18955778
423795
19627537
3971744
11051928
3132057
8624015
12024078
16048713
5220487
5734451
18033811
7499519
14289157
7249749
18007074
14338927
8246886
18349507
6429028
12453171
17609224
8966660
7730095
436197
4344676
17734668
2656911
2829042
10180914
8201369
9603132
14953228
2706385
6706925
4757203
4222790
13790953
17784714
3712136
1495342
14183010
14606523
168819
8457197
1346629
16265065
9066467
10265601
9802870
19137128
18697432
7100147
3019238
8242159
14882701
19521324
2413005
449410
16846598
9012988
12932773
4603901
19107401
10928146
10429338
4961251
7432138
3471064
365288
2728866
12401247
12655452
16193028
14648157
370069
2570390
18803732
6973029
19617881
14135697
3508562
7911174
2293676
17665898
7761731
3753611
9040174
7143948
15601135
10447141
19813206
7070330
3943080
406436
6664637
8305142
11521379
9428004
19620587
15065275
15821173
16194514
2510152
15976049
4093012
12403740
491615
18260337
4302418
9057554
15225202
6969995
4740122
9636373
13150032
18356818
17727524
17448659
4288226
16012651
329807
2284698
14027860
7378262
719106
7236041
487479
13855092
15168584
16199760
9781201
10992867
12301823
17172520
6611852
19046493
3900283
12479123
2601074
9633050
265669
18964795
7763320
8493961
9730056
18788670
18721668
2863986
12105631
15574354
2750656
4741824
7977204
509823
4380790
4278582
16328977
13514897
1770987
3266934
7109774
2907502
14482049
16782397
6947095
9441785
7352826
4793110
10404081
9939768
2421986
11964258
16493884
1893286
19770521
3321002
3245084
18059088
1733779
809558
3677086
11755894
15169978
7405903
8559310
13988990
12176836
18534947
4715192
2348025
16270264
9961320
4244536
1834425
1866968
15312454
17732980
2408771
10328014
13533110
8468454
11403705
13676417
7768134
10576833
10122433
6225066
11618758
7231361
6536777
6337418
11365037
17670968
10705493
17205319
12997501
2501705
8050864
9980410
4110825
9146327
4684044
5522504
19938010
7571169
5760086
2136614
9647405
10948043
11720594
15684991
13100279
14724608
3024969
19138014
15056593
15171948
1543396
17795865
816765
6535760
47756
9565077
2380571
9653840
35087
18201549
18173460
10621384
2118232
17774695
8717279
31180
5138254
16474362
12044302
14191207
14928326
11911450
3257983
14127136
323393
399844
15697577
1152597
12209359
10257977
19221282
2409053
872729
15258568
290469
7052151
4271231
8752404
14464343
19872607
6627198
8688733
2116287
2275427
10288711
4335208
9520465
13333033
12197943
14690592
1135727
16319219
11638840
661957
10132448
334248
7967105
7724328
2125832
35615
5638370
10184987
2997556
7439187
11690644
6042278
14346756
3227498
7656330
11598652
19071663
12270350
10754269
18851987
4933716
18731368
1834763
9504216
19720233
2105726
7643309
10059260
19979383
3064436
9307201
19941467
19545603
7280812
2315108
4600601
5112425
19723046
11914260
9794974
10099173
17439091
850969
4643477
12835876
14914589
6533888
11137081
9836028
6531683
14994805
18999714
13486905
16010100
5090906
12483492
9326497
16834748
19210498
10400103
1521738
4679514
731725
11208011
9312295
4426937
10566010
1488665
8164238
18298038
18258909
10844877
10505233
15982826
7718046
10545887
11903797
262947
12463216
4045562
8427228
19672838
1215170
13212739
10694520
15976541
17959965
11256850
4926932
7319001
5001947
1619591
12270390
9539941
985410
18451094
11588093
14754201
17416677
7491357
2495968
5630212
19049920
14652632
5089632
3876443
5495704
15510981
5436224
11288346
19270571
18189262
17372070
12412577
1707897
13159192
8613415
11420213
8959194
8327417
12564801
7834058
18100337
9828632
8913765
7482086
6643474
15846175
13426350
15771829
6036524
7401378
11153142
5590869
4294557
18176370
8214637
5440858
19443239
2375904
18209010
311812
10389761
18364675
11186398
14357004
17011513
9962292
14068128
7937295
869648
2039851
14632056
7713558
4065989
510411
6641582
3772767
17489592
13889995
12813329
8364745
3650209
5049298
9217205
2150883
6152456
15256880
2717902
901243
4122090
9856655
6966259
5465119
4781382
18223286
17268372
8038359
16437418
5033351
1365126
12301222
17455158
11536632
18698303
9283205
13331237
10115046
1627029
13197193
16236313
3324336
13517716
19122460
8710501
3432184
2817631
12381197
13037572
11583948
17075473
8716270
11642634
17053856
17001839
6752636
8574308
2414376
10336084
6741258
17037617
14660838
19510694
12774220
13181165
9812892
16407897
9382619
5295827
6290532
183343
68589
11253446
18472800
15856660
3459403
9349591
15157027
15180759
4285459
16778805
14356752
19559535
11808735
3827489
14816856
3637772
19452776
3911442
8546886
14662427
12129358
15470599
17217411
12956028
17856930
4466690
19382602
7997314
3443580
13957255
3888011
9561693
4081273
10584829
18970871
13807516
13562108
13658252
10708665
3389314
19334715
3847499
14753323
4626674
5891933
3277639
6925146
10026823
8694649
14022564
10743949
8378249
13037471
7324716
6750816
7834582
18963551
15308847
7837041
3896077
17618634
14356896
16658417
8657151
16032534
16145760
6057197
3201416
10212983
3785618
6073914
4814556
4918683
3265883
4882692
8346366
11173812
8702702
15543917
7989052
830289
6812654
18895407
13659727
17504886
14091899
13461408
1314130
3681723
18162237
4871217
6793495
9358252
18944303
1729348
7690346
8608067
16918843
12024908
14126297
4866816
2878483
3264593
17522104
18052343
4382857
1925038
6280646
5682577
6859981
4116684
12148375
8337727
775284
7123403
12916449
8715606
4605227
7749148
11092364
12549692
24231
8204142
15211804
6418594
17819789
9581215
786064
12025386
7590444
2956967
7720885
19505196
3181730
13306420
12625722
18751716
6364365
3257866
14971302
10752912
13271119
13824672
18920311
1263118
15863170
3278825
18326741
8105964
19072710
18199477
3035889
10378616
17607410
9404249
15896921
4950585
19254644
7586627
7358733
11771192
16550758
15823273
4956063
13223382
9833232
4637425
10039084
8893131
969515
18577474
3198172
404357
9449550
18283516
9417717
1616172
19392468
19432243
4891612
2545510
13587735
16497780
3171725
1159786
9375387
1998310
18574342
6741662
6601465
3952827
9812551
8038749
17194391
6594899
15236385
6463871
6120122
17447717
8447034
14136021
3641988
17547962
17029701
16045909
17059908
10312549
12912436
8469822
15110126
6328234
3108428
3447007
5725022
19668859
7606837
19803937
4541532
16767358
4443171
19391850
6950382
5313363
4697680
8219687
5028776
17005901
13848339
2902457
12652223
4902255
13755187
666231
5840280
8467760
7744876
1686007
14678006
17078757
220024
5669387
10465433
7171305
16106049
18379795
8530851
18737713
12757653
10379114
16310068
7689847
14807744
14560221
8531281
5494531
2581829
14171215
17981474
4573768
906838
13718195
15409873
14245588
9941665
17849026
7740921
19068154
9833157
17924394
6211708
4952370