39973
47638
56152
57602
71538
86122
98966
101730
125081
138160
155899
177882
181878
215009
276180
278749
280823
300883
327452
400060
408599
448666
468822
474319
481635
526984
570348
579644
596739
629090
634813
699750
709866
752844
787917
814977
818525
819670
855101
878267
895502
899381
939383
960894
975497
975778
983531
997425
1003470
1049958
1071843
1072079
1094600
1102201
1181322
1182538
1213731
1228957
1233880
1243673
1261078
1293138
1294321
1308292
1328768
1345941
1349193
1372067
1378011
1386594
1396744
1400660
1418199
1439829
1460179
1518276
1534188
1593679
1600212
1607131
1612634
1618959
1620606
1648172
1660465
1698776
1714999
1720037
1766597
1827960
1854061
1854600
1855184
1868426
1879402
1890541
1901953
1918111
1928778
1944363
1964136
2017555
2023805
2037461
2044338
2050405
2097760
2104714
2153247
2185715
2202795
2214622
2240241
2257618
2303950
2350994
2361374
2528879
2529309
2570066
2687460
2696366
2714835
2717305
2721391
2814261
2831556
2848155
2854342
2857650
2871924
2934605
2959585
2972366
2979922
2992025
2997734
3001057
3033223
3065036
3065721
3067855
3075276
3113225
3132563
3156130
3164089
3220960
3221519
3242954
3244509
3265301
3278199
3284077
3306512
3382349
3386810
3404735
3406972
3481598
3510847
3552298
3605915
3625077
3670750
3728338
3745370
3766320
3792072
3801014
3814512
3822691
3824616
3830172
3840231
3855679
3918667
3924813
3933190
3963504
4000870
4028243
4034268
4074322
4091660
4111039
4123655
4135798
4166755
4170097
4171032
4226530
4242647
4324119
4347192
4405102
4417916
4426360
4456027
4459514
4493347
4504934
4509303
4529021
4547889
4549315
4550071
4555999
4558955
4577433
4597733
4622070
4645556
4666730
4667095
4681239
4694721
4700135
4708336
4729240
4785576
4799468
4846843
4913270
4929730
4945345
4953722
5001575
5010889
5019248
5099348
5112777
5197671
5203059
5207802
5233303
5237689
5248766
5252106
5256136
5284106
5306000
5312137
5323316
5354676
5379523
5392378
5403601
5413531
5414677
5439970
5458510
5488695
5510817
5528342
5529137
5558410
5581704
5615230
5616823
5691774
5695832
5699778
5714899
5720937
5729984
5739395
5744783
5745789
5752524
5754098
5806426
5808709
5848639
5853983
5857139
5859892
5899112
5905022
5962479
5970788
5978980
6028407
6060433
6060610
6157784
6169648
6188683
6193234
6218367
6218986
6259562
6260929
6267813
6284215
6286437
6310274
6363199
6363228
6384506
6407426
6466015
6498889
6553738
6601233
6641868
6641997
6667546
6692133
6695248
6711985
6749074
6776935
6795031
6821330
6865082
6885309
6922078
6959922
7030965
7039614
7062000
7120656
7161956
7209717
7315913
7320220
7327241
7392293
7404091
7419301
7440442
7451480
7452827
7471254
7502145
7504886
7505236
7546854
7582489
7595510
7614829
7616459
7623300
7668599
7689370
7720343
7758138
7793534
7807331
7808560
7812175
7812427
7842536
7864051
7882602
7885751
7905071
7917160
7936569
7938664
7983962
8013057
8014567
8033473
8076732
8082654
8084523
8085048
8101556
8103247
8104178
8111530
8120846
8160638
8162299
8177602
8216486
8270056
8294376
8317758
8319621
8329324
8334181
8359280
8419945
8445162
8459471
8475642
8538137
8540160
8600317
8602758
8686910
8702818
8721044
8726189
8756603
8761069
8787112
8792197
8794513
8806296
8826725
8864267
8874064
8881708
8899931
8908783
8948013
8952500
8966596
8994990
9001927
9011794
9041625
9049050
9049612
9057356
9067997
9078026
9102890
9125155
9131422
9174515
9184337
9191134
9219897
9238082
9279376
9284574
9291802
9293687
9300730
9345224
9349741
9368205
9390257
9424017
9457639
9462631
9467867
9510631
9524259
9528502
9531574
9541248
9541269
9589239
9592507
9617098
9639913
9659510
9674910
9692597
9719761
9746044
9767386
9772697
9776935
9780602
9804404
9823207
9827804
9840350
9873467
9879437
9938989
9940910
9952268
10001681
10022964
10048207
10076381
10121187
10153516
10173017
10178009
10188612
10209604
10230683
10236540
10260057
10264158
10270199
10274673
10301310
10307501
10372443
10377196
10398704
10452404
10467354
10490244
10541587
10543050
10567848
10576739
10612713
10620883
10631075
10633030
10646503
10656209
10665525
10678796
10703518
10715244
10779628
10798550
10821310
10903458
10915639
10935891
10944177
11033056
11046275
11051353
11058686
11084356
11086041
11093653
11109064
11175843
11180301
11188673
11266624
11275487
11352074
11381511
11403550
11417932
11422343
11426340
11446882
11474053
11496197
11498948
11500856
11500924
11504397
11545213
11546309
11581916
11597267
11631027
11633942
11638752
11664612
11692764
11701768
11703906
11721053
11724422
11726352
11734360
11763828
11778017
11785024
11804639
11829953
11863821
11865194
11865644
11883554
11892439
11900849
11928316
11957812
11999745
12004280
12029141
12047626
12062425
12077920
12078316
12137107
12221218
12253005
12270929
12275594
12325029
12341583
12345678
12375015
12376788
12394237
12454498
12459148
12481385
12504984
12506887
12510049
12520086
12522361
12600023
12654601
12672730
12685971
12690591
12711453
12747991
12770410
12788628
12791189
12802104
12812188
12856060
12858810
12875472
12902488
12943142
12963853
12972026
12976361
12978255
12990034
12991635
12994014
13000542
13000983
13001912
13010583
13036830
13037016
13059232
13071976
13079722
13118156
13122222
13130312
13157823
13177841
13183453
13228545
13241308
13249281
13264345
13286197
13299742
13342226
13344577
13352030
13361937
13384641
13392039
13403618
13423834
13484342
13489883
13501135
13551873
13560047
13594948
13606131
13636692
13691191
13741331
13748114
13793000
13817165
13879157
13885000
13905517
13908822
13960889
13966548
13977156
13981679
14022363
14024921
14027997
14061180
14065633
14068116
14092467
14093028
14115329
14127551
14138600
14153690
14177365
14178470
14208395
14228073
14265186
14266790
14270827
14295261
14319818
14330807
14333832
14341073
14365071
14393862
14419065
14422463
14423239
14490284
14529212
14538801
14543776
14562734
14563178
14563568
14572810
14574366
14594621
14597406
14599894
14610927
14649013
14674403
14680109
14692697
14718818
14741826
14758600
14792389
14824559
14858034
14896638
14902493
14905823
14907485
14909667
14917633
14939458
14942825
14983512
15012766
15034017
15036349
15044137
15082153
15084400
15097307
15102418
15108148
15124975
15185991
15200799
15214820
15252974
15270047
15270318
15271463
15325882
15335685
15341109
15366229
15370811
15380741
15415998
15434064
15441577
15522451
15530489
15541385
15543629
15550981
15592211
15606608
15610404
15614635
15738381
15747990
15757803
15759693
15764927
15782000
15791117
15793414
15834857
15835930
15845871
15852998
15864226
15869078
15895980
15916133
15918365
15923282
15923771
15929787
15933728
15936098
15963919
15968116
15985284
15999682
16013648
16031837
16055574
16061683
16078926
16082013
16109052
16121173
16201693
16204952
16208643
16228094
16268216
16301632
16313972
16327552
16338817
16352828
16360488
16373515
16410675
16447250
16461524
16480049
16481116
16481541
16545156
16571006
16578429
16594502
16594841
16652781
16654931
16690843
16712295
16724355
16741156
16747495
16773615
16780197
16780739
16784418
16787224
16793303
16793818
16824968
16838606
16841083
16853079
16872031
16913692
16959217
16988311
16997651
17048608
17053124
17082751
17132954
17157227
17158768
17194682
17197721
17205174
17211927
17215526
17217191
17229168
17241850
17264154
17274646
17291907
17324284
17336637
17347521
17363986
17365762
17402905
17423798
17426104
17463929
17488647
17495730
17517135
17558568
17598676
17614094
17634960
17653220
17687923
17700499
17734724
17736554
17762372
17768987
17769625
17805303
17842798
17848854
17892480
17904413
17914563
17977071
18001858
18004682
18015733
18040502
18065194
18067685
18093329
18096126
18114897
18123168
18135002
18148560
18191387
18211341
18233612
18250212
18256998
18259424
18274319
18283544
18310460
18311145
18313388
18324172
18335131
18361152
18362279
18371042
18396876
18401427
18402845
18431489
18438697
18443711
18452142
18463371
18464709
18480551
18497162
18552140
18552349
18592716
18614191
18619694
18656427
18675860
18678994
18687741
18709201
18717035
18738624
18761385
18799220
18799966
18807849
18809282
18826897
18840458
18843675
18863454
18897500
18908645
18916607
19007563
19016106
19035381
19045288
19080948
19095279
19111925
19145131
19231409
19235028
19253410
19257359
19267351
19269043
19276166
19280402
19357459
19399542
19446695
19497753
19511184
19528725
19549763
19634320
19655444
19657609
19663673
19680599
19710126
19734781
19750944
19757937
19759978
19822270
19831075
19831952
19869438
19908171
19911479
19926148
19940304
19961262
19963257
19970782