12210268
16373263
10322959
17861113
17520438
15074664
6816570
2082841
15554428
17657034
128324
19307398
2599210
4648423
2077690
1274034
18691941
5818799
4268096
14761913
8700437
4978249
6558012
4812771
11955310
18905323
842280
99449
19447374
2553574
13245794
8799175
5288128
10379150
18109638
14935509
16231247
9678276
9463748
326057
14645290
16513637
9507502
18001977
12403838
1488470
18971258
6627918
8435776
1051559
2134039
6670496
14869711
5017259
7489011
7586757
18471075
293702
5269222
3801885
7231588
17096959
16648460
4343016
4328967
1613188
13498475
5488459
4183972
14533
1584564
8285593
9586531
11178522
12839281
5575515
15930151
228036
13909858
8239278
12344451
17868660
8356441
3863397
19854095
9727017
10904321
15497232
6852742
3386417
10652537
6601628
6246989
4801668
18714228
8607759
18574836
6089566
4993650
6311599
17519567
15468360
10421515
11091208
18198498
15316828
9046794
8369486
10687258
16718755
17752649
12348736
11170203
5818715
16309753
1739956
6575076
4147945
2307290
5744238
1095711
8046047
10362370
4744637
1924425
18046845
3954988
12355322
16659274
4196441
8762110
5006891
10078909
11553596
5109121
4421044
10445351
17818973
12750744
205893
11138560
15298680
12905338
6093396
8159586
13583293
12574027
9206343
13635172
3540925
19614863
13422227
16758577
19756803
3119315
14446899
15455029
13239436
15114532
17074957
1876069
16766805
19305259
19645687
9458420
15240526
13385435
10827561
10918773
12694952
3203049
12437066
4264198
16410658
12672211
17152223
8168740
6809246
858543
13685150
19768304
3570680
13833191
8159151
8641929
7693259
6473188
5682615
8529073
12880973
1437913
11868559
11057754
11154221
14707782
5620148
3393385
19231471
6095694
10667534
8812322
11034950
13800199
15569214
16575142
4428178
8581222
5959214
2304410
14020589
1921985
3779885
551165
3827950
12631503
12338005
11565788
5371182
5618011
19340399
7222755
11898698
4817573
8417962
143517
14875672
16228454
9801596
7200832
11773107
624958
7561258
9955060
12370275
16418794
8655409
18258457
12025070
907166
6169131
1675778
6293556
14971524
7630341
904605
12602331
3630391
18533584
16836083
6302921
4476688
6252431
3768465
4224655
16135383
12771450
1628555
15563081
6882576
4757627
8584553
4075114
12586583
10373957
1075726
1638145
13004208
17543535
12008537
7065678
19135101
4872369
3243080
15468233
6454360
18507497
12905996
12605285
16251981
12102302
19585099
15929732
15342635
15556130
4745230
17066175
16957190
17812501
14461437
5251748
17822367
4430259
17553926
14425442
19689922
983918
13987772
6668871
19029835
19574888
10113008
4245078
314742
18956494
17984328
10544310
12344518
14255730
8743940
9876033
5849408
14209796
481178
16181248
641897
10638021
5180309
18877897
19836180
4391539
17717655
15696351
17629354
19975367
15528862
18135518
19947438
9319313
19807849
1497716
18238661
5564076
11381698
13427380
10826075
3058466
8560983
17578066
17392244
8753073
17924386
12266719
443687
7274540
18112401
19697391
7536030
19067952
14634058
7448729
10776156
19862233
3068847
2243572
2797932
506292
13949784
12154561
1930515
8064740
7041589
10088613
11335313
12522106
1205957
15177830
8070691
1385850
3206877
8694723
14559995
17216358
16757798
3838745
18250207
18079029
11190313
7910305
15034322
1552133
7259610
15110666
7737071
19931766
2785841
14916173
9043454
8908613
1304159
3629205
273614
7361445
712639
6941378
18986025
13304430
6217244
4961117
9103023
6945093
19657900
11713644
15458789
8922409
7702877
19269138
18402720
1828285
14050834
4452710
19440904
1125259
4814819
487065
6185925
18121055
11804751
4594096
805972
15651343
17060616
2430050
15491416
14929105
14544643
13353304
435360
19528416
17922396
11102665
12670406
10774964
1245067
14019077
5700522
4066503
17224159
8643591
7523821
232837
2884058
3563600
10019951
2630978
11014795
14801986
12947503
10983964
15784825
16888304
9569257
8928186
5064079
19616746
19537819
10338850
3805056
866994
17455685
7254214
5401206
16670905
9641830
5092432
1042313
5216753
12135193
18016135
16793203
238316
8509048
11309417
9650676
14149128
14596275
15065356
14860694
11780225
270590
15691064
1405537
11194423
19620640
12104491
10952631
13975992
8254430
13422284
17445726
14621232
4087823
9831895
7971186
10915842
14037990
17343286
11245468
13539123
11871541
2621856
12465753
9513318
3745409
12849924
11096518
9816273
12307048
3104052
12919338
11728327
9247784
1875196
8322908
10158835
5563571
18934861
19654021
8745094
16062934
11507214
10413819
2797603
14246718
3872374
9567476
9735146
13460636
9857335
19232715
10134266
6197702
16881530
14228318
5022368
8265901
13039621
13311271
5732394
3884121
10802504
16478449
3771166
18311321
17048191
6311970
6051420
10942958
8009787
15521203
13314536
3736655
18560808
4782745
12338679
5336804
9086566
11249048
11441094
14087679
15013418
8589514
2613256
17737164
12370105
11767593
16733347
14943507
15474092
16286725
18436272
9244797
15574730
10158650
6645718
705099
11773932
6705350
13045603
17325778
17356636
9670786
4072299
13588454
10620432
13605950
770410
638099
16189621
17466285
1657952
18281213
12704668
5929213
18327875
8521668
18742782
4827438
12550150
13546806
7290983
2387881
14865732
5851959
10227838
8659534
19170377
2833493
16706491
17203817
17090703
1189906
15149584
4008179
11698563
16883721
10419465
14938680
6456509
5710308
19544486
317048
13965488
3897186
18201819
1698146
10374546
3018245
5183250
7719834
9508774
9336255
18442669
2488113
14874679
10302048
133209
7498083
11514035
14775610
4894469
18751294
11680002
506567
7068309
11532727
7264181
829829
16764400
17830429
7706897
2119795
16196335
14119021
13966795
539565
11331126
7707441
6811189
11266882
3811716
5318936
8538086
16420054
1563133
15021146
2175706
1304120
14102849
7175304
10798651
4059166
14927679
18276461
12633043
11483687
18219057
11671064
8854281
2754023
7327212
3913448
7134218
5660329
13613479
14489021
12062130
19317944
8640179
11488671
10570808
10305100
14469609
7772292
19421872
1898200
1586388
1849341
15317643
6119673
17901829
15558355
8050583
4731726
3735378
6652817
11610616
5631536
14875123
16571938
11458368
508373
8433673
5739357
15056942
7164580
1805775
18791867
18310806
16736169
13846009
1017407
15593736
8313367
9975831
9647507
14539794
2907224
18293927
14767632
15199869
1233848
10387008
13855532
15743288
9540525
17758960
14810425
16605533
5459057
19801987
16469542
2886872
13456677
3696470
3474635
1775009
10138385
15614553
17544544
1364821
18794950
19172850
17715483
10092749
19423335
17716223
8398825
11228470
1598642
3174146
10158112
11069764
6061491
12401290
7540375
11190536
14831135
17836789
3675896
4065226
9196793
5497714
10660408
9251287
8226854
1786195
16475189
18986915
19855370
10362441
17773212
17340009
19407991
16642839
8845474
19361323
11338595
5702631
13202645
8752320
8785563
14751037
14821092
12539751
19560236
8401499
14920028
3203313
7436613
15652120
17896552
9850322
11380643
3677167
7328
18064792
8328221
5901644
5232515
7735841
8957941
12891375
4499610
10056360
2037265
18627965
3592900
18976119
19925726
14825681
7013386
1458627
5117663
2284523
17006587
17817967
242089
8433670
2517816
2462351
4026412
12780286
16411144
10413574
11935316
3554456
1793583
8123157
15347553
18202708
17267382
14605447
4476116
8924099
7796591
7360704
3232249
733906
16389781
15994584
14305807
5689915
5584634
19499515
3964532
16630073
1412942
17804635
12745054
17472678
18357188
13728362
15891478
8082768
4240096
3287392
6177573
17296236
4405657
12736647
15133876
18046340
3241912
1394423
3569553
9292243
4331981
3735712
229103
16865084
16209682
7356410
15891603
1177865
1013391
10152305
14043285
167403
14809167
13915498
6094317
10915739
13117591
13017407
1440078
14619481
11987515
7664887
5052798
17637782
12248549
16347857
7418423
3823402
4542241
13567594
10024514
16185047
17458502
8887334
3620101
15993551
18056966
12340963
11550298
4897190
4794185
3614313
19987905
11771139
16286043
3780414
12230790
16076113
18147862
148085
10430076
14664573
3410303
14220751
7948570
19808377
11289888
16424545
1173387
16651053
8777132
14676449
11673424
9809854
14033219
10533660
15035473
19203142
9621470
5383881
11999370
7919384
3035250
2456004
19852660
10770268
18216389
4614932
12298189
15289738
12792669
14135866
2690163
12564409
3936050
10217034
2304140
823731
2589701
1132313
4663331
2151017
11947887
6521649
6357117
11840155
1266962
15264130
17460502
650561
793610
4828510
9273581
7211304
7545310
481485
19585426
4613714
9773797
14094341
19689392
18470821
13838169
1387254
563569
9091055
11163584
13208203
1090773
16922223
7944171
12479949
15068984
2196161
13391201
8538409
13245944
645099
13596475
7257135
17811447
19076930
8456108
18421505
295718
568337
7676434
18403017
16136139
19107411
3826393
3001757
7653675
9602779
10992696
13884453
2527012
7722678
6277609
8400454
19470347
19174349
7770045
9790230
15788430
15794264
13761632
3370966
10574128
2222358
14726315
11230333
16655679
7542996
8388416
15961225
9019188
9689819
3140809
1068951
4842069
5240872
14204498
4108101
2822715
3305494
19253318
16119200
17476117
4825601
8690991
15840763
15383628
15593094
13175228
6777400
3689262
16932982
17300665
18703561
10091029
597268
5280062
8186131
17549575
18991526
6886463
9640974
7376239
10443458
19419433
5633284
7394581
450688
7554804
7217408
15346702
3481612
1155777
18319862
11450260
14492335
13817910
8482135
16581695
14106841
8765204
6287909
10158373
7866948
10416885
12057340
9572844
7932764
12816220
13805905
4267603
18608896
16147485
3626180
8503449
8536181
13239375
15806334
5118643
15724531
68747
9480957
17993761
1335421
10295214
5867253
16529297
19696936
12304604
16331487
5803069
19451416
8977662
6354625
12724437
3577253
14140901
9637976
13359399
17712046
9809963
9488255
17900918
14540996
10429959
662883
16446747
1851913
15446400
14322283
6775705
3687134
18932557
5288670
2345215
7653887
18154392
506119
17078147
259151
7987722
19320642
7495599
1928562
2632535
13026228
17343098
6445090
2401219
16789331
17130969
10039150
3337589
7043334
18208080
7153611
19014655
4667005
3788544
10043331
19969892
2268977
9544694
859619
15231971
14995712
3169684
19989515
2388064
6586601
10525085
2769476
16959692
1823265
18338549
6631052
3775646
10798007
2627281
8442406
2266036
15799496
10782427
4747661
2578280
13199657
16793014
14321840
6343201
16849081
4668947
9571328
12032668
5749654
13854300
8837175
15617319
2066404
1862471
9074995
8997536
18965495
15403092
217561
5543804
1581573
15335965
5141080
17887978
15756365
10433370
5709005
7506523
14183953
18698872
9370963
6339632
6265061
19495827
17394166
2762276
12094999
8919601
304879
12269707
15172471
211056
16455464
2682142
15425706
16676344
6049565
14943314
12673334
4185020
1787382
9823465
18982540
2156928
4960420
18088671
19690794
15006128
3664616
16270546
18282479
9559840
17062652
861638
10057118
16845588
6192703
14492311
15329677
6344803
19093558
7068940
638101
12798033
1858580
8215434
18716613
18131084
4828421
12107734
12759267
17538759
11569323
10508252
4613746
18553232
15265570
6346881
6588553
1152636
8613058
2496908
5345176
6123366
7849321
15936788
17617768
9439362
654731
19356825
17325399
136028
19312741
12165630
2934956
6106055
10527858
3550598
7020350
1333316
16854670
13045181
13055170
6273909
5500256
5227671
5448520
722472
9854581
14492014
3471555
14064471
10105020
14719322
1194011
6506828
4811173
18278904
7887553
8752790
3030201
14289886
8705554
4915402
415262
15942827
8301059
13188461
2865460
14795818
8198735
18614793
9290106
3495496
9708432
9788123
6271975
13198658
11526836
11244274
10609207
10545432
1010292
16127092
691489
14105195
7605131
1457215
1016438
17449521
17060194
4457512
2344756
4626208
3760256
12426205
4177547
6599218
5956257
9587755
6800652
7470184
9699313
6066000
2211178
16071094
14951753
12125823
9672653
7676776
8300080
19475369
1716978
18727681
14697871
19173315
1563326
451952
10670372
18802521
3643532
7806943
6959166
11343013
18246253
3572914
2246192
14396158
10597046
3931590
11749261
8832387
4806393
10734607
14407899
8917049
15564301
1827982
5924384
17562426
1299892
3284117
5205751
4952882
16594319
18514665
13458379
15278492
9874263
14149095
2465487
13113492
5979547
13161864
18355710
6206052
2323140
19181682
17503088
12191441
11064339
11423249
9787340
18499332
5470410
13420513
394651
85016
19762303
14679119
2439740
18042353
4443993
19745634
11775848
10377296
19006197
9873452
13117279
656666
9646174
17225605
5093071
19453587
8002286
735812
4644866
1733851
222343
9068064
16214083
10771349
12835593
16708641
13569914
669398
9056171
14135129
6516586
7060400
14470164
6122775
18818866
13797641
10030580
19762468
12182517
19332824
9796330
6443650
15189530
12318503
11156129
16834737
4048478
14188604
1619464
2670063
4853755
4556488
2126732
15247215
10614947
6669439
12075770
2522101
4814368
5661023
13325081
15471415
16675935
6638492
5599202
19425792
4020122
3741698
6157508
17071093
15054306
9690432
12004967
18978013
19408934
18797724
7452651
10174167
11282180
14109604
8537008
19815262
5154091
1322583
4589574
15139991
11863899
2747324
9286544
16238570
3087940
5621264
12691541
7209825
12438710
10456603
502479
18040514
10232282
1538645
13876159
14025652
19850387
15055852
2642438
9186616
13272020
797728
12313719
17266965
39660
2956049
18716022
5142934
5037390
2004744
18816056
6030365
4079235
5128627
19177013
4725076
2833283
11972414
6261261
18961061
14071848
8112296
8345061
12921890
11095358
3347703
13630055
8343021
1500307
2446964
16671432
1159629
15631290
1969456
1280747
5162496
353208
12543284
10881340
7983565
13242170
3004341
6703841
1471910
7370158
13037081
7033019
14284786
13909899
10686125
2356019
13991756
1063879
11673550
7503319
11970898
2215504
7498154
5873557
1183522
8067877
470593
601900
15332993
5279347
5201014
9010942
17523453
11867850
9782777
2826513
568893
9744299
6129908
7163645
18647595
16767683
9349206
5192934
17976468
908651
4598041
13398127
18017198
5575480
12818415
3318529
17202614
13002848
2354346
221137
8262403
11522108
3126155
8679568
18940818
10060996
19264289
12140357
1019916
5902598
12620828
18230553
4343765
15919908
4268680
7704581
1228077
11846973
15726377
8286292
1181874
4187331
7635970
9067174
8809762
13946666
3080131
4840819
6287756
11300128
15622539
13807179
5355825
8635737
15206956
13492441
9982595
10660229
4603550
15547890
17059630
3088192
4338732
17375531
4168558
3405720
4367289
9048157
16133937
7756372
13980510
19860221
6533105
13171901
12131413
15222405
9255018
2354709
8350261
14193887
9716416
11847809
6355498
5165668
89939
14256871
4078757
4277449
15932441
14574174
9711555
2513961
6189075
8963098
8319719
14605749
14033618
12477671
7229380
3026425
2880068
6241449
10189510
2561082
3929482
10911097
14525122
2219525
14241962
170732
12651018
17655908
14671121
19144152
17475667
15927503
4892262
1690586
11928188
18613893
5266961
12340031
17588749
1872448
14489263
4224484
8577856
16780471
11901170
15246976
4575170
8681362
3927859
12563812
372109
18442998
12018576
8409186
14589854
63278
15327434
668930
14682162
11004975
8818348
19412788
16239352
13579064
8243924
13171907
10472646
9783669
10068039
2773901
5847707
4794262
4000046
3251811
11390637
11143748
6014732
10127813
19473981
2101910
3500433
16251773
10154282
5786229
5795817
16704616
19012664
10400132
19813203
19054295
8643549
13467051
12596277
10510002
2547401
14206064
19203959
8092661
6146631
14207693
18252447
14764383
16386157
4304939
1197799
2687175
2710906
17710508
9316664
7321342
15489281
6212982
97889
15792328
3051005
10356829
18717945
12692122
5854942
11272722
1876042
17761229
17507379
10546881
15519789
7077142
10509366
9697718
19863694
2676607
4213716
7909815
19938966
13628484
17776095
1040814
4148778
17919935
17731475
13265947
17859128
17576603
16383391
10650856
7514881
3038355
8438648
15059977
3776379
6499468
15292348
10007514
3479606
18653183
1092583
11114364
6657569
5467997
936397
15607439
18192126
18285813
10500049
18728189
8125452
11670438
13960505
11003434
5367426
715094
17180837
15543901
5951577
11415841
16700923
19033573
16425452
15615474
3246941
18094905
6519388
12705956
3785216
3834067
10095963
17347695
2877380
9291508
13797909
14514527
7589855
2372171
11979182
18680416
4031904
15675802
13958057
11153685
2522941
10161345
2922870
7121537
9016480
1370433
8531326
1956471
4913504
11800431
5783349
12535395
3899967
8102973
11538413
11224960
776492
15779666
19185708
15438526
14549017
302787
11829116
19369280
9460388
10348879
9507791
9304162
3106614
8846418
2182068
17791137
938113
8371925
13571027
10085698
6699524
5486378
1474757
13548122
2869112
15046168
5378702
11864543
5522113
15822412
7896254
736920
14038384
6034888
3992216
3011526
18778785
9265491
10908061
13106184
12602684
14633779
14437264
16561202
7551984
10811740
6654940
6943683
8156823
17247684
18494432
18263484
14759783
10086316
14520293
13758683
9941521
16331938
16096512
621274
14902431
15352360
15149490
9062317
2001125
9360418
17905773
9520692
16653508
6693248
7146532
5817571
8648036
17977038
3947557
10466851
9814084
4391683
2565879
12355047
15662652
10424365
13500911
17693993
4712215
3314123
88061
502109
3138374
3331441
3876619
12630071
9056656
5876135
12721828
19657423
10094882
1229529
15985925
5254662
16855624
4779622
12577119
16988250
5223399
9192498
15396315
9056882
4132287
3634981
12694612
5035704
9748345
15575509
14030048
8236388
1760930
10425476
13994567
19113414
10241769
19782093
1527648
7440857
8971010
5881762
12389302
17319961
18842527
3514951
1975865
9251256
10980950
17129945
2144229
2681066
16827674
17053836
4710622
9188948
15301058
17801172
8565307
19233558
5678052
9864045
17584621
8483212
885488
14472506
2032612
3578399
1341967
6923781
3739653
17143584
17609194
15522074
17139868
16323349
6744181
8726945
9834799
16120542
43446
7437136
357168
16529330
18531235
7803783
8684719
7985686
1416000
2412750
17633517
6522091
577522
9862946
11608754
3556703
4485064
10843817
4165535
16819958
11921712
11748801
13503281
9430685
8964297
8360249
16716212
12629632
17693625
2560130
9267020
12964757
8549444
8232703
12985825
14016414
18988677
12613513
3667325
13253791
15453683
3639457
13036194
10502996
13105942
2827557
7051670
19741355
16078729
16955021
6043947
11715162
12040058
3907181
10186975
1733412
4429197
11322713
2180816
16544628
17045247
18892127
1240952
5418970
6789815
2331311
2481522
632750
19166885
3075889
6364475
428161
18414197
16484749
6311410
3582170
11835770
2675454
18230881
17711436
17972331
12865528
7467035
19693867
7024271
17924031
15469382
10644765
1695393
16808086
3178044
16584060
12780092
2212210
5190960
12741954
3047290
11324973
9012031
5074133
8848234
2566756
11124773
5236373
1328669
19346052
9705043
14452616
18174675
5302360
5338065
10791632
19462854
5374037
16591503
143353
8179194
4944711
13533012
12138802
16187742
1716872
12671982
20428
16193767
9744716
18686449
7962975
9424988
7475535
3059779
12807075
11950362
10486432
11845618
15488470
18065943
14736693
11571876
12591026
12288613
14375314
18337142
18162854
13718744
7674743
16152628
14288049
4909300
1680106
4330839
3640711
17855815
10460206
13049870
15404732
9499943
9676688
5399719
1782083
19327327
16308755
3558114
12725455
15232412
19439315
15980982
9168985
389680
11144654
11360079
571059
16456763
13218238
8563257
17884854
11526136
6059686
19254601
8803836
7265478
10728728
19940393
7662911
2027788
14789108
952601
17915000
5300628
10587592
7011946
14226149
15259538
9124024
3363654
6352417
19693061
15362325
9445049
3458963
4127456
7381999
17869794
16555300
10206674
1384991
4117132
17133812
19169292
1475166
7911494
18922483
13812524
4987053
5150015
17637684
14138514
10125758
17064911
8770418
17202359
7929556
7508106
7299608
1304103
10187678
4690285
8749139
4493268
12488429
2704281
278657
1370169
11747642
4478419
17407977
6427176
7713144
9619013
19684941
11527481
1647483
15409775
13690451
10032465
19836848
6372827
19604701
17335583
17243474
7652099
11130235
19672795
17346282
5826732
18624123
10842744
2346828
16531037
1723478
9798113
11324583
12774202
1424499
14720032
18077032
16377032
9834558
4632781
16943819
16283452
16493325
4317059
8422067
10662580
17988445
19939303
6342430
15879751
16763948
1435206
14142881
17521858
5906948
6231022
18192746
7690727
5488095
1355752
13440865
1119480
11784763
8134153
14691781
6767610
18369865
5720984
7837301
10464593
17847819
15039765
7548752
17913176
5268996
528337
5963353
8992154
19804907
6784685
18614422
14799760
11083023
8778644
14100387
3687324
18715721
1682889
9900969
10228807
13781494
15765465
16180673
7184178
12685358
13622352
1103257
6256997
15163296
18207907
1784853
16925115
13823276
3567054
229858
10921820
17902039
8881595
9279680
19808833
13256725
897094
9800377
7398275
749645
3774035
19750740
17854166
3134429
8305195
5367133
8021841
11181001
5436625
10581276
196407
803948
9510434
6203563
13466685
9473106
2866167
12984496
1733536
15280388
18775513
9329522
12828880
18595998
16204119
19480988
18589153
19915193
13213172
13301556
16528789
145282
12182468
2003490
17758020
17398470
843714
1454295
7613890
15408578
4581917
4575562
16374492
1925571
16704681
16255186
7583719
11263625
13320557
17724525
19229472
18020242
5252339
4122064
93921
6335461
3090253
10343591
9969007
301127
14681467
18945068
6875604
3292296
11651535
3785674
4193540
19611385
12756498
17381805
4288029
1934590
19854089
11682084
11046571
5522188
6354634
10869391
2508222
19940356
16817111
2663264
19142626
5247200
1728392
10800607
15637636
371438
7652110
4446157
8712796
5012931
1488830
16547230
3691332
18706466
12139400
4914920
8580373
65900
898712
16193924
18267333
2847854
9306057
6166065
14277178
2976962
1781003
9122318
17438626
2144281
3546296
4311331
16270664
15717250
12647928
9552281
384984
2496992
12402177
16305364
15113918
16365275
14229451
3920344
15798932
6781815
14576314
14344315
17990791
4884591
16916689
8208535
12707536
4964710
9678492
2524257
5702563
6246011
9730848
11759794
17409524
10382893
15541893
15442552
2758359
19473962
15270457
17032008
9036481
18668225
5199458
2709706
19732894
9155995
17276674
15525649
10869522
166043
12268036
19250510
6553636
10216375
7508636
7795862
19704202
7573448
14638090
5767541
12518083
3739560
5098909
3455266
2117894
5031204
17688793
10271048
9987910
12683894
14445349
5765569
13770313
3691832
3745895
5042959
9720191
16770872
17417041
2123385
11005674
3862514
3252242
18490664
12384882
18819973
113250
2989688
7158310
7923219
12904639
12328701
14951423
11150764
3354652
6982530
14382441
1380428
15065669
15660685
19157399
5047429
19062338
4484457
11639004
3025997
17018168
14563661
10115937
3019184
12277354
11264144
12847931
17854535
12245874
4749364
17955244
5334870
12331814
5129678
8958973
14001936
17899619
6460237
9974254
19054126
19754262
7179522
3119719
13460459
2649899
6419192
6304832
19244868
8221817
12779635
12131946
4477160
821221
18768846
7043607
10942773
10086934
16262497
8180831
7665842
13027753
15643892
11023230
1795907
9118523
5016818
16993028
6698895
16201816
15259353
3979529
5550173
7687481
4331442
15101069
4855103
1690942
16007520
8243603
6184082
16227255
12206666
9795738
5004313
13177036
8175758
9062794
19264857
10765250
8413089
10666293
15394768
2308739
3588396
1949079
19828757
8531936
19652393
16600740
2557095
15306556
5084405
11162879
2721955
18419507
5402673
9499209
15347485
1597419
2104216
8461158
11329582
2647374
6959142
9241438
1965736
16927615
5829955
5143077
980362
8109343
7433054
7860802
1728506
6965685
14506633
14373104
9399689
13591323
5651797
704362
2172626
9696857
7234986
1355424
9753670
10783546
5443658
1930743
2292742
15951200
18359063
18274414
10139840
6624412
19663839
11877013
7228203
7298842
2367802
18479804
17478711
2838345
13325426
4441781
4011225
17278479
6868583
3534924
5779298
15956692
14386362
2657192
9007534
14465085
6994802
4093983
18811375
1258235
18149595
13933767
10932731
12985154
11846144
6531155
3489282
13866351
2150176
11181852
13036865
8910488
5551235
14094511
8621193
3910492
14316404
1619777
12752831
15984013
11892320
5684753
6956186
1353716
17056609
11734519
18850053
8299571
1551873
8185502
19030486
6409819
17646964
523298
11513624
245038
6829417
4631692
16288155
17684987
11024857
13855856
18717
1208416
4135120
14891322
863454
15698253
39931
16019893
13235662
12557625
1432202
280452
16821555
16750329
15901377
6951867
10768925
19379615
14644465
3309511
13421557
15352319
11652323
3184812
15328895
8126890
6368532
9146499
6637305
4316241
12477012
18298018
19445268
17781209
12238991
15171261
6301680
19088812
5611651
8897956
15176240
9596914
17879638
11637730
4618607
5460233
10365515
17491326
8132814
13943736
4978761
18054022
16056639
7908430
19240123
1006095
7886900
7614853
9882314
6806132
6059313
5063660
8922089
3414054
5643212
19899128
17946916
1638873
9675915
14875398
10546500
16179400
17916476
2613225
13411375
2192681
5639751
8136916
13041309
14456651
5215721
14858892
108565
11216141
18801206
3787553
19531684
3800671
17881392
3752506
17416030
16492080
2494671
16300172
3639195
3415165
18001600
3739170
19559985
18573242
3417319
1978232
1105370
15915113
15190288
226747
18172062
13848142
9037878
5496694
13022324
3265264
17228932
9441677
2775506
213365
4732158
11903910
2755718
1921634
1115894
12015645
14733449
14274496
6807929
4307348
6459985
1554542
13069271
10136074
19431953
13603884
889007
15353521
14842270
13430604
18193368
17885141
18666709
1139071
7947848
12873429
15260514
4548777
14472176
5401186
9127505
16404114
9698472
10210634
6204759
9936623
7777765
8881091
11886517
10510112
14873049
8532774
6582046
14299465
2742725
2235330
11512473
16981852
6096758
6909323
822886
18054988
18661324
19794056
6234704
1498565
358899
10444219
3767511
726182
11096474
11273424
1602188
10666334
12870659
17306455
2607228
2648708
10172246
3427351
19734157
11056114
772448
15670109
2853624
7526863
16645700
16322927
1749665
16454956
3610861
15262065
7652964
19547781
7577737
10823952
18632888
9924472
18648224
19983319
15495659
2632468
1103570
5321145
12470404
18980547
9914995
5659381
10739850
10994896
18332035
3785437
6282115
1414377
13865191
13599326
2925800
8991536
14405589
500513
17278370
14420560
3791460
113272
16748839
5496275
16419185
15828138
17517352
3203617
863943
9212101
3403158
107353
4113366
12876615
17691267
19332835
18504732
14975461
12921789
12584994
1036644
10082475
3659250
7164042
11501157
12495892
9424552
11768006
3886207
16479602
10485615
14818027
3420938
15601562
7902924
3570045
2860622
8957512
4501878
3153406
16035429
1132931
8430538
19600375
2654608
18716009
4495547
17271966
14658556
8560055
9718509
14491430
3655200
13839940
16768044
16477098
11217012
15719595
13319615
1491519
491746
17364536
8015994
19578113
14827400
7547234
8842539
9030631
15133285
16947853
1348260
2681233
8851473
12639811
12639523
4470914
6983347
14049275
16878897
12242735
12044938
17637553
6196046
17532506
17120546
14111783
19306524
19404539
13480846
5893433
12326196
608824
17233593
12784253
1252253
16577409
6297429
18323476
3397902
14920213
9752381
13504979
15651533
16281600
547324
10854302
10459786
2199689
12086772
3871332
12186198
2273312
7887555
9051506
1938779
5496583
7810819
8478533
7374615
17056365
1570709
15935534
15351867
4636636
9128082
13066660
7777885
9433057
16760988
16888458
18548988
7093991
13850040
2801980
8512184
17534292
13823492
9163899
10079341
2584000
8765425
7662267
8706485
16142899
16323723
1274144
17655717
8084656
13835565
18249206
8581754
9201864
525939
3994698
16551774
11893338
4430162
9708554
1320462
16291926
5129776
18509568
11478545
15805889
17844097
16827756
19448095
6814668
12868187
14720889
13286516
8243779
8523653
4272790
11273703
15399325
16149470
18034885
4847392
6727758
7169707
2350917
12617730
7535633
3680933
17575424
6507457
16929400
19264945
12482292
5530441
10853366
8086254
7867828
4146079
13304471
10097487
18035316
7011543
2307736
4906101
10843894
15489679
12174685
10044176
10301914
15176078
4654587
7526231
11133739
10582994
11171327
15433032
13485689
9162649
19556352
9148812
3408623
4827942
11860219
8456218
12857832
17545888
6891816
5031473
16211687
16557850
6138734
4559438
15782064
17818124
3160080
2269743
5319937
12730850
3674739
2799676
4802754
5133271
1586948
17981973
19026027
4324226
1461829
1149511
19025681
18542959
11350362
2776189
2877829
17789317
3092121
8095247
16815479
641586
5434235
10747723
19773423
18229125
4463984
12707117
13702674
19172005
10495564
11347153
4611904
15862556
19607152
17600213
15985225
6185576
13957723
3447011
2248330
11786912
18687824
18788433
8744354
4418311
17502912
17868262
14845891
7021231
2383161
3060415
15280824
13855426
8302683
9280899
17499392
17112077
19038357
15591665
1658008
1221817
2884526
8258957
16110810
4515241
15957628
3779570
5224451
14491789
19538083
15797419
17910863
19488391
10854434
4386966
7275732
14475968
6525986
4961214
16192874
13090877
17595814
13844341
18198819
8351781
5009946
11980670
12684163
17996737
1625248
7641297
11811540
4972700
5291882
16288899
18403872
4126259
4399883
7570823
15709458
12561396
5241120
11183940
14962060
1329635
19561328
1803401
8485795
11063788
2805436
386297
9419101
5994228
17608555
19769153
4200768
4018010
9914742
6150323
10925446
6376269
12750813
6192527
9589082
15183084
19620807
7147513
16365578
16606268
5722040
15549176
6638044
14561893
4866993
5345770
10898008
4859542
13894569
10305468
11808521
66593
2286598
4330657
2879609
1960279
7221972
6183579
8629346
8262706
19801211
1126721
14848368
3303437
5649504
1754984
19531712
17380439
10769986
8507974
6378522
2842075
2720748
12274354
4088114
16453450
5715689
1541151
8407862
8677667
9633981
9779143
10351486
966552
18232040
7875911
17408739
7204068
16582338
19943709
12009532
17677718
18666347
6518631
7133460
17927258
2298518
19418051
19348502
13544743
14068885
15454760
9914830
8792434
16224303
13277135
3396527
19292744
13752224
2804014
6884443
476749
3504151
18483964
14739003
14251766
10342458
11126908
19774371
10709861
14346631
10109372
8945283
14089333
1840958
2245912
4687303
8635427
12950384
8409643
13747975
13134308
7315966
7364299
5855756
1451334
17687246
19478780
3364148
15105717
17424261
9282504
12724762
2620635
9675972
8637909
14637498
12579765
358278
10016811
14762949
18298011
16965243
2911906
827814
2603329
14407515
7084492
19141545
9930875
15575144
3920632
1742163
3745490
3072932
12615789
15012133
14945875
6475717
18369042
17562155
1828397
16321879
13071522
9033561
1245188
13667235
7183267
18531256
444292
727434
17092196
10045900
7038721
14706770
2531226
2173594
2649913
6389291
8996379
18862263
2030125
9650110
6525555
11592631
8852945
2378270
16724742
9832638
966706
5201369
19409891
17704487
19624075
13818999
16881784
19184841
6684532
19165898
13361061
6914260
16803322
418863
1653841
1242183
3909402
16098723
19052108
18437546
15223761
7644685
17949588
4267769
4773706
14710419
17858968
9412981
7968536
5062513
3849034
7516202
3840715
3485102
4250736
3396707
15143298
18714848
6175683
16039318
10659033
2093169
14266991
15690326
17530531
17962820
10207595
7757527
1643346
16512603
9834853
15753415
4094616
9574821
1092137
15776476
9936486
1829639
14361129
7004018
14051415
16941336
8689673
14742020
10576370
17917138
170702
525455
3832
9539692
478076
19913300
13213983
18699249
1765070
13923762
4561371
4986427
1128660
17953996
5808562
16063062
12803184
16008559
19666023
16150281
3877731
7011060
16640969
11581415
18755837
3515724
19895505
14841370
6760965
13551402
16194136
19778365
3916519
12288690
16453352
11332421
15534394
13346452
18847895
6668299
18589424
9226533
19125199
1076600
125322
6269113
12220821
10461849
4225978
1203284
2871126
9342208
9432320
10831726
13869525
6992015
12313317
6068689
608068
18973096
13961680
12050670
9311268
1968738
2397983
8038700
9328161
954953
11454685
17651292
16429259
18811635
14100169
6067260
935175
3114840
13040559
17758368
7916251
15291688
10995786
19766146
17362487
2700528
7775431
7050294
9265339
14888113
9451597
6516240
10248126
12809814
14030556
15881901
8929943
7732217
4080907
16481278
465647
6962437
3836029
15164189
8705206
9821527
6947148
17474590
14520684
7191138
17261058
6375360
7338805
5717591
13098181
3046691
1800441
15866910
6983648
3029750
19354189
3563244
4374333
2604299
16441926
8604347
441674
17308303
10057931
2209972
12212852
15776959
17476831
13597891
5499124
19934121
19721091
18569192
1771443
6128948
10612575
3457310
19986503
12435387
10070867
8615172
3580695
15237372
2455219
10312548
5883913
14370278
11283665
19773220
597858
6283702
14226256
12497594
152751
13425083
10952696
5466998
13625993
7052912
2693405
17063214
15614480
19779617
7738232
17832012
15136259
16994967
12399402
1711439
1133660
1842055
4210466
1205925
17642587
5959229
15814686
9974642
4255213
11206500
14543109
9125049
11292011
14828453
13019118
1790842
17069923
2003760
15133817
8710330
18302332
1618739
14855962
4424020
17756034
6501716
19692111
8058655
10633752
11066247
9527764
13900846
12616832
10293373
6776452
638866
10599909
1845498
15652605
6621515
3597290
4250646
6183524
4455773
6589315
752497
4884516
8237799
13518186
7575193
16300054
11762592
10332993
1480239
5746113
16995895
3420025
7034745
18328190
8958260
735771
19756475
7056529
4774760
16417224
14057951
3079246
14086493
6001215
5887243
7854792
1256810
8295771
4399859
6715791
19170280
8105447
15337643
13346520
12301997
2629199
3845664
11821893
9871404
17195759
8155293
13234742
13161597
3686760
5497029
2980152
3531229
7437549
19034077
15677555
1401577
19106057
5356523
11089891
16767580
10260546
8629317
11330952
3704159
17122269
2035951
10829411
11995215
19794979
17803291
3624479
4799342
10816296
18818458
556154
17029836
17796329
7995881
19817951
15272669
13699791
14651201
5011307
8696931
11446017
15823841
2737700
2333546
8195833
9940783
5859148
6596683
2348555
15137218
2843780
16836247
12230215
19221298
15739197
16449920
1265742
14790330
2673575
4588849
16718362
12833520
16393280
18272156
676467
8806868
5166229
2121660
17009193
6931824
19656296
8139507
3521913
10434446
627374
17452228
2167098
4350093
17467188
18062426
19573090
1427695
19270870
1724860
9936129
5481922
8760731
2899012
13567835
1250723
7850935
8775469
11348484
8035162
8875347
140352
3866307
19399085
17624237
16437603
12141887
4712541
9651260
11962529
17090221
795242
12631754
6257112
19072811
9775834
2232799
4982498
17934238
17784738
2769950
4081313
7748538
9442043
3567404
16675464
12920895
159569
17727231
1394438
18068511
4436222
3318206
12452054
3634937
15547721
9774759
1594815
14320829
8262198
17099619
11292371
12242031
16641015
9544563
4818532
2320724
15336316
17336200
2156955
1951826
15557792
8832736
6236066
12103035
8535791
18341935
14529528
16376885
5219804
14009485
12303532
18845407
8082188
145903
9112727
5269443
8712732
5135028
15299122
17796209
17762404
1980646
9894201
8549759
14042299
13119994
18440992
12915546
397281
13363240
6553849
13133353
17467224
18811982
18181794
6283731
13357211
7230289
17317476
13652569
3678651
18114728
16386476
19720910
8029605
8473171
6275076
10336770
11534515
6807676
4492147
19018769
13374004
13534311
16910625
14817107
16240674
247319
18174473
8174697
15382859
456080
15469034
2085838
13252813
5109782
11208373
2025901
14077193
11941410
5533606
13342263
8692929
19847345
8856410
8693620
2828945
8354488
3244687
19397132
18597473
19079272
8571832
5156828
9642368
10935353
12368203
19143406
2504273
209753
2878641
17420605
1340059
14733124
17769951
16351425
9284772
4920396
6166639
17872250
14996769
15925019
6904815
4664524
15769894
17519976
18734903
884956
16586362
13100897
13689069
15916393
18719237
12762341
7490865
4344572
15206975
2954442
12987615
12556072
2046133
7720171
2664552
8147240
14672727
18992255
12356561
19623103
1571819
16299387
9966903
9212087
18605781
19386025
4882419
17471925
10974011
6159379
4370047
4859751
214396
408604
15365279
3144941
4125808
12764706
16520593
11177413
10482443
1097369
18990687
12321299
236679
19193781
9957699
7838768
16496693
16447624
289188
8700763
7969738
17872504
9776950
1998039
19820278
2740830
7062837
5801960
12173227
15245496
11217285
2299154
18945672
569729
11415692
7311842
965286
19348244
2490114
7602795
5438230
9589375
15445519
15144243
9197215
15992084
13948944
11694499
4447298
7393371
19506765
10016151
17805256
4095639
18850591
587829
10609374
6779851
7051204
13350432
12146834
15569013
5604069
6233520
15826739
19432172
19452564
2164841
13157367
19100181
14166136
4291528
13665132
7981957
1914292
11224385
13194425
16042770
431195
16537961
18229064
8116964
110768
4734128
4634529
1633132
18229136
17093888
14474435
5460831
13044953
2547507
12618944
2512223
1822095
19725621
17881738
3817863
5648790
3017868
17813113
15962295
12128788
15256781
18308118
19288072
4627646
10746327
3895031
13957981
17694640
19245621
14840277
9478987
14586815
13883102
15393090
8910205
17283933
17063985
12566487
857323
16308422
5507585
11992808
8492429
14343281
8308734
17996876
6656086
9508688
13440884
15186899
213503
19198042
3405051
1959416
10094604
1491122
1851236
1862466
15991156
3310786
19030285
9089059
19813236
18733858
234080
11837971
10262318
6316989
13699451
15040803
1041679
13661470
9971053
9436068
4602367
2218954
5462961
6489245
11411708
5056302
8356370
12580638
4371817
15186629
9391195
15605528
8726751
13327220
10926453
12846175
4736541
6509498
3193212
11132001
14456239
2880838
1048824
11634099
12851049
13183956
13346606
10001223
6677479
11561692
7697112
7283296
18567069
13854777
19777619
19459889
5298106
9428008
7674686
16721780
15079138
17322806
11977141
1837326
15084203
19698251
9722770
5973234
16524730
4930519
7660909
17339415
8488831
13777918
5495533
10146882
3008714
1876222
11472364
5651726
9946403
18750867
1003608
2611055
18476015
12682675
8806905
3769415
15446878
8271506
15693561
5393418
5596420
8864259
17320433
17277812
11743048
3917638
18470105
15751224
10734273
14660605
11303558
10637561
7647507
13547944
15952609
18214414
15251110
14958829
2723358
12226886
4959806
14872034
15904964
18068395
1157734
592123
3041844
2081369
9289436
14049674
1603530
11188056
16664405
9719384
6122377
3241149
375258
555098
368847
11545829
7681368
7959514
17381244
8106598
6555867
13173167
6982990
3361073
17953533
3980614
1815036
14885018
11610515
13455391
13573901
5241438
16285216
4157547
6953569
7960435
1598715
17469154
7091381
17353872
14335363
2611016
5361107
14327875
130803
5087725
4416624
19466273
7584670
6306910
8452439
11393033
5384951
16416804
15220152
10891669
6941918
19542151
14705442
441772
17055271
3529263
6761805
9345727
621542
15316757
7250352
16398005
3344670
8152455
17554474
10198032
12939798
8525712
14352581
8167019
11672594
8503835
18334026
7590810
9840893
12204384
8421281
2209136
19700516
2013137
18176918
11931611
15193803
8257216
10998894
6545553
14662382
9778534
5405577
3834337
1450701
5284878
5869607
16416742
14450594
526563
5276197
10769426
18852024
1622823
12448352
16054719
5124546
15427418
409752
19951842
15296564
15148423
11459304
42804
5591912
10262947
8213724
11762218
11070257
12700127
11685381
13630015
5200653
397893
8495568
11030298
9182315
1950295
11545236
18356430
19343049
14477034
10749666
8083977
17282692
9112878
18219558
18398439
11419927
2749389
90761
11464306
18316907
9536776
15256517
9429126
7149890
13443717
4444601
4297128
8134100
3235784
18205534
15054462
13360765
5108443
16822513
5918721
19342990
14703096
19312897
5365946
533323
11332330
12514585
18142245
13863237
18565401
2348750
16663254
3812228
17799504
13361744
6907264
3843010
9868655
15594981
12267680
14076754
3138885
13406405
5912429
4205026
11648732
6297258
4160519
19979888
11967288
16546126
15599987
19906225
18000434
15372891
7208090
3028964
9006141
14096659
2355492
14720586
2723831
9470130
12240594
3127386
15577467
7718915
5188663
9299858
3985947
19593734
7935478
9533875
5767197
11292763
4057881
18746939
5381338
8310248
10884028
15309398
9135739
6587222
4098514
15057237
1721507
9153471
12226916
2718865
7526128
8632211
7258025
1420359
9986130
995354
10783895
18800560
11905646
19269109
3888611
18938208
4794422
6705225
2288362
17986221
11601036
4668166
417983
6173775
18851304
6282314
11847466
17284013
12807800
12608767
2528610
14201061
10521617
18834409
11964739
9179089
7904508
15900602
960807
12930197
10017264
9695856
19619045
2613073
17546316
13177571
8986368
2426177
12574969
14268804
3753558
3634658
7969845
18949773
17301622
10132220
7131476
110643
7830082
8543137
317070
2805251
6884300
1589942
1833755
1058836
16972004
5272244
8358640
13816331
6095464
17024676
15444435
13381621
9029380
5741449
8229011
3231545
17489268
2127254
14102791
5232281
19400976
3342465
8204049
13094945
3013095
1916844
6702816
13182399
11971581
8224866
14454078
13355127
17540708
15639028
13862344
1096008
3262073
73583
18475947
14301863
18839356
3727478
2626860
14126899
3569154
16448668
17025089
4682549
8151986
9666947
9826329
5916388
7601516
8442799
312781
7311661
6756170
2004085
13034451
16417600
19227290
6171127
3219898
10198638
10430028
16451609
10921707
11498976
19034870
923603
18711031
10827367
7253346
17141568
6201550
4959990
8097260
16579257
1030905
2468737
4846933
2942708
2805693
14280101
6186618
18228933
3720096
15316661
19691091
11000628
6172163
15346658
2741162
13565820
15338372
7114579
19730679
1602154
9297925
11208910
2954596
11261022
2461813
10098587
11758923
5950948
4823731
6972962
12762441
13145842
578984
8198417
7482827
104648
2771050
5194850
17056850
10810854
7063953
3845962
5283934
14363168
18058373
7761772
2788956
6544372
120556
19264288
19178567
3986151
12937869
5507544
3092750
9638330
1417406
3974939
16229542
15469946
9771722
5509891
3942853
1114128
4506127
12653823
9339918
6861028
9906660
16152977
5182559
14141900
1514008
7683773
18535001
274956
14743812
19713945
17705170
18418411
16737937
5625931
2880596
6725008
12739837
1391367
17069284
2769906
14693402
10934190
2681992
12652810
16958497
10881165
1892188
4472330
3104351
11585843
19887752
12837646
407722
5784095
12074060
12401674
14472588
1692874
5426411
4500836
17758918
12851040
6503539
16035768
14020683
11197586
9963777
5827402
17075067
14375092
15200429
3167739
10820195
19382051
9339761
4022976
18623896
10836422
10147687
696109
14936810
9985869
16149179
10918960
13185468
15528847
13770685
8683158
7958640
12477103
15969282
11302750
6965364
16666881
7568006
18504928
16850595
6104709
17130347
4842456
918096
18342745
15021401
10114968
4417253
7109783
10930462
8924990
18953168
17811785
17498294
10600856
2979571
16168987
17483186
4116300
13313373
18402780
7717258
12661215
17335607
3191726
1443704
2804252
9628858
2636023
13195982
12581042
18047205
16896589
13778473
12271933
17332121
8431174
750720
7382594
7957979
5581999
9398099
10963814
14503248
405175
14479214
5015225
3869839
18344824
18822383
19290420
12216587
1081292
15576097
3017720
13486222
6732588
3762847
16302386
7390868
9760475
1331645
12035339
17161878
3201619
7146296
8946099
1990047
2913327
10779907
13235766
16001468
14108990
17540993
394044
6825074
11167461
14717612
18729030
13367250
7955726
8787863
3895136
16204387
580774
16718653
5434070
8999004
608175
18694939
10154459
18040454
6376107
18852492
13901925
7056419
16020257
13677634
9981989
2431250
4945139
12121521
7943577
2958284
1699519
13729830
3195760
10315944
10937645
12612714
6845350
10654891
3270183
2089223
6694329
19717015
12321401
17114106
15727950
10999669
15796540
10195829
10202525
12347125
8411611
9353653
1109076
13051890
17876249
9554775
2732782
9906693
16169771
9081520
19893953
13633711
11492736
6241527
6306046
14877861
14187187
14321170
8873255
5919215
2552563
4917179
17911832
14814645
15549581
5440724
8893198
14483729
8631060
16310137
13425349
9204623
3291612
14327594
14246981
7017169
4029459
12781079
18200316
14431754
9573666
17587417
16368825
16523652
9862228
18635747
10759723
7135451
4631348
8040512
13394258
15662738
10317188
17474176
8070912
4956230
16685235
6880973
9039061
4378016
10667734
2836258
9753966
18222305
6424133
6794127
2542204
13944049
14502058
16072574
1455391
15840414
12326352
3347750
3436046
3427379
10665714
16895969
12427917
9017195
13244669
10242416
7443730
7860335
15154262
636045
7675158
1676486
16065669
14724100
3567310
13790426
12207326
8204783
19888432
8333056
4673759
3841363
15955479
1890832
12771994
13640866
5610101
11402012
4991781
12478340
9923183
1830776
17281048
15392039
9721408
18084629
9971629
18087410
7487098
14999091
3565671
12728741
172508
17524257
5781383
724723
12549832
10533247
2305501
5814339
12457927
9146239
18517988
7028542
14427958
156376
8517438
4856507
7254944
5812092
2087614
9842057
151847
1635655
17729983
6883848
17260445
5019496
11175779
7462908
10653143
1255745
5135202
18484959
14407923
13824480
12479074
219364
15975741
10802372
11499011
16834633
7598547
3889014
11967996
3100795
16387950
17178059
11730087
505198
18149357
18055609
1518302
8211951
184160
2139512
1683567
3621205
8853663
15398376
9009644
10762754
3331578
1873979
13240933
19154473
12818903
16735728
2689018
6722561
10695093
1290961
6904815
3930793
12552494
7573306
5936373
19612899
15703307
14463219
19322851
118779
9466902
3986240
491738
8539433
3527881
13076697
2793146
7265239
16935247
13694175
13664696
5360784
15236238
14829109
7188072
7237769
6094184
10124497
19559527
5446092
3903074
14717116
3356738
19837894
4899944
2179732
4400174
12499657
880079
9219172
18786652
9827115
9372516
4011827
16888816
9578998
9973394
13941371
535549
19933308
7670829
7381404
17718784
9932019
10028960
804528
19295312
14773220
2001229
8916195
9107559
4150965
6563136
18848595
14525248
15266437
13889311
16697952
3648351
18306187
4000902
16002378
1122001
2770351
16995227
9964585
3166544
9091216
18444579
9107137
5529170
6112594
19865790
1528961
9043856
8829690
9000657
5522381
44485
1507435
10438319
17388519
7999917
14216917
16823871
8481129
6420359
10796185
6480647
15439724
1700609
2588279
10321862
4070884
9560952
12061643
6650886
11197785
9229398
8448651
11527755
18206346
5425557
7884303
2299688
13630325
9137828
3822747
8579300
15914156
4327988
7562917
545866
10065761
3890444
9434275
15858033
2875963
3627427
6071371
18746631
1234030
10511943
13423039
254333
19407193
3960970
14882494
7556996
17012236
5349026
14123816
14672458
19837326
15302380
9171653
12443497
4425888
1121152
7837804
18875008
5529645
14810020
2925671
9851953
15597708
11035980
18366886
395626
3664792
10820494
2629404
201271
14560481
7249925
185364
9982337
17974788
4226132
1838481
1690906
3769586
19152680
4721672
19073970
6502308
10688582
19242486
9720345
15593038
2374475
10506072
18490983
15168430
15185965
10639136
6783970
3122300
19684089
1127530
13767922
3963800
4081242
5975109
17832372
2190543
17641798
5720767
1959448
9453196
11478772
11036407
1679264
11698579
7544139
19934357
12502581
7998826
19057536
3491616
3378563
10282169
9891228
19503148
8559426
17277866
19896256
2295489
9280193
15009177
17410454
329002
4293351
13190795
3405245
14554527
11900745
5651765
2160034
7870873
7459279
11419007
8158787
9999398
15687925
17552412
2277306
7342034
10826925
13580984
14555214
7945227
13172945
18893469
993057
10101557
18054462
2003888
15037128
13951188
2164159
4780319
1119716
16165688
12075313
5464059
17692038
4150922
11942097
2467668
3949587
7385538
8976536
12415349
11027773
261718
14295417
4059661
538763
4646646
3335545
5657777
17047760
10806882
19343014
11841171
19719796
5358745
6320304
7263670
7408601
15300742
18127710
7733335
12245046
10143166
8649633
17161873
16826316
9522743
7682570
2358869
1987278
4880640
7223855
19719100
4377578
19789597
15919374
9172380
723866
2564434
1812760
13958917
12124102
12194409
2077276
13207523
2736887
9808289
13360576
7337653
8638466
8346231
8589519
12522068
17486484
7381253
5305293
6414482
13640291
17147734
6129419
6034868
18921195
14552416
7950801
990931
12554856
19729244
2807693
7824793
2452550
17107715
6267516
6030920
9800746
12677283
19685732
9088652
9043682
15597855
19757572
19338723
4552656
2956127
15941978
19779371
9411650
12748490
4335272
2827243
19122816
19612326
15614475
5318460
10400497
14967253
17385323
1999093
11095097
18295631
11017640
14554524
7472391
14905058
17158629
8246411
19112938
5427331
2586655
15801672
13585199
7523747
13712380
9090927
16302600
2179506
19577971
19053458
16480753
19186090
100060
4134759
5777288
19078024
17806547
9347238
5574595
2563824
18789857
3502666
121598
7899702
17352106
4073384
2746219
7106323
365056
15980023
18877109
11530200
11940553
14136958
19031145
17459066
7797237
10988881
12460869
3110623
13446022
9683851
865039
16210059
18314738
4001595
15061748
5924091
2779247
18416393
18063107
8959388
13567314
9433268
5108486
9434509
18030196
19025521
7329316
13558037
14982281
16019801
11337992
8625652
19567517
15323648
6580379
12585083
4940186
12028133
5262121
13193944
8583165
3670566
4738421
16489790
13256997
6638424
8817996
6675004
15795733
706837
17868832
5956158
17257099
6505633
14227774
14598611
17270950
17727658
11354783
16215373
17081526
7055876
13920151
12107970
13143390
18103957
9296523
10350135
8182069
13524413
17150769
9083343
13619787
3432364
9194833
8411884
5393417
12846875
8796743
10961642
15018460
19604001
1631575
4646437
6070350
2856950
9818679
13567126
17085165
7360591
2664540
10110927
3164398
8907371
6498306
6721481
66937
2324281
16760158
18826238
8149622
4263807
19366196
19388206
19754394
13326803
7852453
10718002
8649774
13386653
12248391
19236974
535805
15279998
18538214
10594057
9217246
18457165
12375427
3111449
11097570
8797776
3733874
3103222
12976028
10832777
9688667
5297936
12959623
8496619
17234426
19837599
4774072
1157022
15628135
19830092
17785451
16454558
19736068
14618894
19980141
5189948
814442
13936970
5122220
18355094
6073172
11935232
13965756
8274893
11166348
1276918
17527321
15031479
13496569
12569788
8948351
16682935
19407114
314469
5765650
13869717
2040998
7144273
14795138
3111814
12004370
10040768
10177462
15777998
13201688
14902731
3761298
19780521
1502895
7153748
12006689
15147129
19558479
2872948
17840186
13465836
14442395
6997707
16630186
17466143
6698763
10616440
9241955
19315163
9595566
18690567
8780919
2855722
6470506
18471192
9460380
7076195
8498636
468453
415235
1761720
5050475
18893693
1820
10891998
16499704
3669373
19783079
484325
15444540
9925844
255725
11646066
5883194
4220707
7818439
1484653
9153643
10688490
5936290
1541701
13211422
10547424
17697745
3598150
14197847
4435854
3696619
11967761
6625095
14768818
17842625
11728095
12455124
12580617
17057255
15430338
5450982
16146072
19940623
18668350
1290711
5802692
8824272
7245542
14802041
6186568
17506397
6042657
19484481
19270024
7624324
9875855
18204603
3631123
4864132
19551669
10630431
6298787
18320496
14812320
8262033
16762460
19057704
75473
5603952
18254418
17767588
8541218
8784546
11882253
8490812
8547899
5568156
15632571
10335208
6647119
19965872
5716805
11560164
8793756
6481840
3095769
672141
14827668
5053268
606966
7631128
10948031
12226301
15092330
19175462
15832904
6160911
437517
19269161
14113875
13722850
6764396
150938
3777425
13894617
1666791
14244679
12167709
5655998
9183551
138695
8800313
2961616
5899709
4267643
10588233
15406020
15954124
18490254
9181564
3317419
5952863
11933190
1170249
19442118
19451674
5615763
13088110
7131112
5375309
12039434
866538
18784905
1000443
4525186
2545249
8798170
16107642
19066453
510423
17109282
18705149
5367078
17470622
11310683
13613299
12596373
9703098
17923818
8242012
14746790
6216172
4625848
5377556
1441085
12297481
10957588
13475400
8933958
9796290
4935631
16292684
14350364
3277150
1028158
12552567
10546862
5944924
4851136
1366348
1920889
3493817
10430856
7761231
13925993
1383006
12101201
6751295
8215637
11934767
9616094
14008018
9227153
18870314
8282376
3361231
9643529
697539
11480623
17274488
3896155
10362033
11605550
3131862
2918826
402871
11890774
11629604
8212507
4471764
5192404
4049205
11978365
16334809
19807134
15429038
730624
15425836
7271980
13349928
4602917
8521094
2653264
10482715
18993564
642013
6216973
8921779
5938126
18582381
11740659
19611663
13105442
12156072
19413504
19179892
316713
8855729
18668192
3526657
5663811
7250359
8308200
9065101
6648744
11632411
9947277
14420998
4531038
1213736
6941974
4847155
3505779
6354327
17548993
5909668
14926135
9203507
536270
10642338
15819363
7953097
7904596
11105993
18498903
16178845
5197825
1685570
624694
1454032
8457332
6745776
11160425
2093722
10585476
9369273
14791307
16089137
8569108
16023237
13449167
8173780
13844906
3468960
18250906
4697315
19126007
7275382
172086
11295354
13885084
9267788
17520
2541949
3532152
14447120
1947370
13618770
5317018
17692290
15900915
8745987
6113019
9756592
14894013
3586955
18412826
5951537
17555119
4988036
2819016
8862851
16919277
8617995
17948807
1461201
5024367
17878979
6704337
18526369
2022973
14863924
7205870
12425330
17000069
16517933
6310379
1283597
11353021
14491018
18477173
7187454
8934460
10637896
15850211
10528130
14372358
13858274
19529872
10892541
97505
9148146
1328577
16690956
5951330
4994131
15672274
16751540
10681200
12358996
18854446
15551693
15465372
1046411
12999242
2919953
18621068
9031042
5788336
6509537
10497790
814706
7371243
2019526
7422782
18158153
17268123
5022054
14058622
19231750
16636893
18948826
8374425
2763290
18243948
15858731
13645162
4170111
18887775
12958621
12339589
15971791
7559393
9417258
3066708
4727697
5496359
13731668
8147839
14314604
15327922
4269137
7986447
18437670
4790394
12764728
4992491
13909161
17826704
7416423
1312306
9143124
8454268
15818515
4511078
14537672
16073126
1586718
13468380
9733380
3731511
9641596
10071508
1015424
1614998
9491462
16026980
4259641
11271123
12785875
11284214
18477848
10949202
9790676
2007685
2877229
16167823
16866951
1147933
1365096
6867440
809071
11158980
10389701
16538025
7733695
9039266
1472431
8514639
341173
8942964
3676525
15072941
3389933
6148141
6326733
18000458
13038434
1792577
15863781
13591791
16343720
14302531
11169428
621011
8554239
8526821
15721473
2993619
13564869
11638991
10123639
10493112
1965022
17765627
13311639
4843187
911725
19225420
15031993
18245800
1360743
15623941
11259080
14099574
17733292
8417257
18292539
936552
3152007
10905060
10956057
9157399
5847721
14677463
8748552
2129363
16838806
9666321
16089174
19161736
9688288
17021718
7092961
10050405
16144604
19720935
8045396
13387521
19431415
13673386
16680111
14517282
5309182
9180119
8968132
4526038
10029593
5637049
9604955
11781490
18463141
12262240
13778726
8915729
7834604
9923885
7483997
15975383
9856094
7915312
16749450
4863915
4076863
5269855
10890851
19078183
16816557
15237574
13612920
8000527
9420196
12356987
6297868
13755807
16429288
12318387
14427439
15091086
9948876
4216851
1554918
2439726
9821750
6062033
2511253
19222819
11060107
16269283
2512505
4068282
1272612
14965087
19356900
4384829
12820916
10347645
19728802
2225268
6796513
19248569
756468
12676949
5738852
15720081
17066475
2446734
10918520
18014123
4894479
10415969
14642587
3282591
3416845
2364258
18840849
11571190
3895577
16835322
6609109
13612496
17446756
1541700
16523871
17808703
17050796
16820567
4920877
11537856
8820496
17820866
3246894
3048008
3947497
901671
463217
9891124
12493131
3258251
18855681
5454806
6480439
6481151
19399068
3869668
4165238
1772679
942570
16656765
2077165
1295090
13106818
12040529
8125540
13022453
8328508
17595217
14521037
11446021
1901758
17440397
14140155
9020563
14775631
2289569
6495194
843216
8479362
17820148
2076311
13756
18486508
17643962
11441231
4161245
6156176
1014358
17378681
9629292
14484966
9164507
19382014
13811945
2748063
2865416
8866883
6691263
14834564
18654950
2709373
87468
2960227
8675093
5736031
14244478
10832190
12026459
18774797
3979995
287923
15165141
3397677
2830479
18638858
10711350
9946810
18758107
2507894
81411
1487532
9029811
34419
5035066
12405055
19389294
1317421
13904617
11707077
5517464
11578665
1105244
12284718
10084362
815477
3799658
7940340
12877803
19777980
19104323
5994050
1553855
18485342
13506562
2699428
18464048
4459204
3629582
14075305
7802126
14705093
2910195
19618411
4577009
9953643
14075402
13376902
1659241
12494037
735439
1224940
5074208
2425661
16093846
12851455
17618906
5871455
2603486
1004378
12512401
5787194
13721153
13009765
5339381
14361940
9294397
8753471
7069957
5118998
2326950
7607265
9219177
13881669
4851654
6678804
1734000
16954329
260458
7503813
8740194
8994293
71534
15942826
2584215
1311276
13148721
15108970
11623038
10740442
7833858
3059086
3855313
3060373
5581452
4457809
6081709
2814818
6022706
13696049
4627172
11684887
10047914
3368738
2429509
19321554
19821167
3635331
6591164
11962490
9415905
17099121
4585737
10164608
16443304
8877269
10594140
2483876
16213834
8052315
12873459
4770171
16618064
10978645
9448488
4297683
15897000
12080517
4033654
10583399
1496947
1781598
17753731
13053986
3317886
11392101
19202776
15236463
19228894
4973697
4212678
15123498
1869698
5532344
1514267
3548771
11722398
3704198
6787149
4758360
10407534
1362418
18453601
1140240
8739835
1932153
18034566
2724371
9998511
149250
8156588
19901145
3602723
15058556
15551773
15243366
5579983
13836146
1576844
12148075
9161646
15895705
14063823
2966978
5567534
2690163
14559868
3959546
10750410
11622495
16790560
7355310
3556911
7693829
3261291
5803326
10649678
5973391
19544630
2932028
17772642
6699381
8033327
16921955
19852066
16080681
1962423
2865656
18294203
16878358
6265035
5241696
10791735
19269690
452601
17837662
8670564
5559236
6018686
16548640
7188371
13289224
15409425
7404076
13847863
4209399
6708166
6870554
19456695
7237344
5110897
16049848
8206483
10277969
2134274
13765067
10060924
18776500
8506258
5866823
2749460
12378737
12965247
14813410
289270
13068217
5256378
4177444
12550334
4682819
14339907
13910929
15809425
7724988
10813522
5238029
12080261
14514370
2643254
7331506
2184509
661220
14400783
16946091
10612034
1352544
3911150
15430670
4161770
15246366
5173035
7222730
8043626
10021962
606517
3018772
7485505
11434653
1873456
1297710
7620401
19244963
9964683
2303092
118312
16186683
204627
12995364
4001267
13158778
17774088
13156802
4450534
3999592
3571408
3393559
7078610
14032015
11578281
10535311
12290474
83366
9757389
323410
15633542
9717814
2405998
6933972
13070695
9153120
13600299
8040481
7466288
5762864
19946683
14782102
13967382
18022779
19000278
15920589
9348953
6595963
8755320
4640079
14208833
11773767
971907
13118075
11474676
12951290
2594345
3679906
12478757
6401602
19800344
1452931
12591935
14238835
16810681
8313862
12290596
3426632
18727355
6702662
2826567
16513380
12350141
7160400
13082304
592350
121073
3494460
15661377
12474174
5203253
14766411
19285939
218893
16331722
10745021
3054954
8745697
13750837
17317076
462344
1779735
1414526
4694360
2946465
3562412
8230094
16231625
6110091
2311892
10314818
3435119
11419688
7358480
14275354
17146865
13371096
13609992
2872849
6257249
3381163
14828598
7970633
8043614
10501923
4991127
6019887
14792123
4241532
10750342
7796834
4101104
1138020
3103792
4496874
7706029
9491735
1929153
8039703
5987504
13890407
15629500
16770001
12897980
856995
14632930
18705342
13984889
2078029
9588262
19511613
19160430
18149287
9205371
6929953
19398754
18666754
1666974
13467472
9043589
3308753
2233815
12098235
18567587
19790322
12263840
19656141
5878184
10720272
1339240
2779999
4512481
17106365
19217037
13502097
3323363
8822149
17984275
12859954
15794749
762893
218900
5313159
1941153
15159682
3548742
4739448
17473893
11693118
385155
7720576
11628345
15858133
15034142
11351276
7791138
19629798
18531813
7831194
6234326
6444239
17534046
19034634
17460458
6480824
4006415
6408282
8755413
3042215
17053203
14744696
3701103
1670035
16110649
10550707
10493962
19676312
571426
9304632
1738508
6878720
9275328
18380672
19266456
9527662
18344076
19255419
13302771
9901819
8964622
4942197
3992739
5426813
10515365
11040953
10077179
313315
18147317
5717311
19501399
1775434
13283277
9249709
5830741
647675
4212865
11641990
15730032
10440917
224494
11226341
19911712
2682412
19009221
6366127
9554873
9892736
18235123
17361844
7852405
15681784
8437232
7031345
2351040
18912754
426629
12260830
9912388
9216809
13868117
6189085
2020196
14354025
5433649
8148148
17932506
18287996
445139
16181078
8405888
12506434
12891927
10534052
3742104
18832922
2929320
3327787
5634834
15460294
11538024
4917507
9784911
6749546
15550807
1819714
7995586
13882674
6475214
15092624
12422626
986817
395344
16429539
13579439
15494140
13439687
11651956
11418642
6461051
18692996
12121925
10294252
15194278
8556114
16274921
10339892
2808255
2004365
10922212
15511273
18348865
3722888
5464924
2984588
9599452
11483794
19244754
9268759
13554853
11590126
668980
1544659
13280066
5621480
8240485
13061953
16847585
18666943
7166606
12977805
19912378
11837449
9384686
1409206
12212749
2266307
15186704
13930780
14192837
18429949
19218932
11756837
16141253
18014220
7758853
11733765
12801744
5849671
8495843
995594
5682888
12006535
7424850
13516564
4001188
7489573
6179284
4240565
394326
15657333
16916733
16035766
1148397
12555242
11024863
71932
3888531
14965399
1122396
16265112
2208395
8715036
9413347
683333
73645
14563463
3675544
11408913
2059534
6841154
14045116
7411423
7763982
90005
8287782
6763243
15049507
17058059
1891790
17767733
129546
232313
1292977
18508529
11686080
1897647
4454233
19982493
1318074
11493871
246677
19363777
13004700
13275414
861591
10711542
8171793
9067503
8299117
6670489
5991219
5674593
11277245
15034444
8062104
8917254
12934713
5019189
18508425
13891710
12690500
19477821
14151584
8576044
16997374
5818424
4002300
6723954
3709154
11299641
6350514
13964491
16324543
6743086
5246608
13782367
19960929
4293139
10828304
18134452
16067391
9893312
9215402
3108603
17584734
3594916
15147455
4642226
9049729
7873452
12263739
19830893
18317546
18413114
11860616
10236698
16389150
16080244
3870864
12384927
11046068
2846149
12941295
16503219
11734947
18476157
2681129
8309241
11746839
5789731
19632099
7000157
9486903
12264195
1633763
5468126
17016830
3461040
17759306
13957199
1349419
11401048
15588428
13845925
8904326
17536391
13404360
19686984
3033839
3552541
12878617
17463595
17789397
13161392
3322575
14369932
19857953
17289318
9189426
167034
13488605
2974812
16953547
6314898
13093965
8835549
13126053
17814864
19149671
12560641
1746602
17937626
1785950
8992781
12611384
3591487
7776920
1688412
595137
8839624
3952526
16904566
9215422
19221314
8724703
6978733
7581807
12583827
16328641
7722870
1032331
12745117
594616
4309713
18274393
19174177
8685186
11340263
10011059
15820405
4498050
3312500
5707581
8773455
4480882
10031874
8322414
19814781
12331267
3122181
11041438
12770393
4256306
5202075
5907758
7500353
16597461
10641813
2148866
8325845
4915759
4823676
5659046
9836367
4933012
13376948
2238533
10418594
19276417
7708719
2680419
11375945
7151912
14150086
18663775
12050401
1318364
16930706
74794
3553761
7684989
5583525
4578388
303318
7782844
11891190
19316232
8821375
1199376
3274571
14326836
7247138
950545
5686503
4981298
13268903
18044434
13614353
18612289
11406053
17296732
2539437
17193255
4290276
1053804
1267242
4582403
17475076
45928
6481134
12638019
15728043
10146044
17638570
5133502
7285608
13497584
2853606
8039284
9129168
17365784
6614054
11875525
605898
9052513
14179969
4829388
11159854
13328137
10192220
16908610
12594764
10147484
8628839
10685407
19925872
3103068
6059271
18025909
13444182
8308333
2138717
12696803
16236299
4150032
13375198
8051016
15358154
8577703
3260505
7621135
6284587
15432135
12353406
3691793
7424433
9690257
5189778
8884503
5206858
1299805
14799011
31484
19667243
16961978
4845901
797209
6013206
12199214
17094262
17330566
6376895
18169745
3509065
11507112
4161646
11207822
17710109
214309
18735915
18765666
7703577
353363
12591517
6134996
373396
8662102
19517827
3868757
19559789
13099642
7515874
19259600
3536847
16447206
18544673
9996894
9491048
14164803
2072098
13611559
4076741
11789245
34911
4165476
18982745
12998505
18643730
12276632
12129967
9135952
13631746
310054
16487262
12644642
2167868
5223373
86564
19701337
17514127
5099340
14889707
14365333
14061740
12064140
15750833
13492900
4346902
13948805
15340917
1360968
5819919
17159786
19092907
14655573
18050648
8047452
1990918
18518978
6210321
17284427
9651565
7676614
17957887
11684083
19006956
15760112
7970839
3553371
1507174
15423417
5438416
727818
17343661
19143902
9202880
18284796
14336863
13838241
9528542
15325438
2268607
6913813
14211090
45559
17623515
9026498
13264375
10517159
18506001
6616680
5902892
3982212
9964035
3137254
8896800
8850237
10142285
4670121
14765440
15272875
7938693
11537901
4175262
9631192
18346943
4217326
12227214
10014892
6594661
17594133
17391501
2842161
10893438
5844468
4565992
4046920
16350355
18576591
17746145
1454490
196808
4840257
18398858
5123864
6660180
3854474
18848533
10611088
7184221
7469983
15663739
17691315
3758119
10579662
18861872
1123931
15314269
9937446
14270667
7854715
3184113
15668766
10019883
19176032
17037062
6722487
18618853
10372814
10938626
714258
19611929
16853545
2014230
12621509
19688142
17052468
15795765
7883144
1178860
1075265
10451247
6814748
11317642
15434514
18781524
9526151
9715727
12008903
14383955
6676505
10250565
3784431
10946966
2677210
18276180
18658564
13756764
7431160
239673
19608305
14265528
11071677
3903668
6069718
9163933
16782134
5146837
19199440
4458063
16097222
19554747
1778252
6598192
5063134
2133385
19742055
10618860
8452037
10063556
7753303
4834192
18729150
6630760
8451712
6359774
1750657
16344466
12640390
11554748
14995681
10639712
13087960
740777
11805526
2934603
12268069
2307756
19193801
14254650
11601296
16221775
11502260
2639087
4898878
19012827
13802778
18875801
10608593
17914057
14198903
7069224
11529084
4224385
3281926
16587571
19506484
8571312
484969
13116858
15175692
10528690
7519690
9833971
853611
17111952
13259300
18716637
16813193
1581166
11451095
10917019
2925325
13898088
14198337
18866253
7956158
2649084
13927878
15944841
3994275
19060513
13801774
1132246
16260530
8502447
13287456
18636821
1615347
18931386
15813182
5966737
2835825
14276274
2026308
1482554
16097516
16336784
19613873
7671860
19022212
18561604
10678516
12100643
1254278
5071500
7184578
954349
17820211
9739358
13638506
16041854
13504098
16733484
18337260
4223886
6091616
6128093
13892232
16745201
394644
10930975
13561515
12586002
3085058
14519914
11985041
9877409
12638827
6638377
8054535
9293722
16647420
5173943
18946247
15955767
15889319
16325141
1363425
7755013
11963025
8811342
4901826
10006257
5692062
7673389
8877460
10067974
19539127
18871207
18614770
5331505
1067330
17498472
10616670
16002880
18918258
6929257
17963333
16433459
14390162
17929386
16506046
5490301
5860070
3073933
675152
981034
10267135
14447701
11516274
8988929
7599967
2033644
12526705
4035249
17740057
11897821
11920254
5383944
4296887
5678793
7877563
6512173
11078384
14181467
4624350
15090104
2950733
1644186
13343545
18616514
16064750
15940525
4893462
13362890
12196567
10320
767528
19644859
10987961
1087114
9527675
5800329
2145625
15358921
1281989
5207514
4046581
17044904
6656414
17988632
15478312
11737234
12954325
8358960
16889121
1592938
3703371
17492142
3235805
5782690
2991824
5049038
13514344
12796584
9614951
12460347
15075130
8116005
7885270
8262464
2558941
1552423
8025461
11695293
17944480
18030481
16351584
8687010
1230938
19205258
18681294
16090926
15868886
19440971
19140119
3701542
8632868
11684929
4472105
3376889
5999595
11271986
1066773
1531041
15023584
3241754
6997956
6561136
6345930
13041538
7119472
13766836
6101497
14527175
3845780
13683775
17142292
11077297
13015175
10000252
1824803
14673859
5954737
4000267
2525619
8061473
18705345
4858724
3727208
11923731
10224583
14096382
18044424
2692469
15874994
11361627
2689648
2474568
15120495
14506471
14872297
2308952
17855155
8692842
17228739
3238725
10275125
16001111
4528413
1066614
6256570
6922633
4688649
8684775
4733578
16042264
1718888
106239
4836149
4638518
11394771
15940554
16863838
1589200
8153226
6907106
19726582
19032686
8735842
16140838
1750074
2454561
16826227
7814580
11165063
8395639
14958157
16248843
9279031
9367609
3130057
5046462
5129953
6444450
11075986
17613925
7225318
3838328
18669393
19620449
93086
11256431
5138204
15163212
10408730
6982182
17523378
4989379
15550318
5551593
13088875
9120476
8167045
18686323
14848004
4813471
13359368
11360309
9464341
17083463
301174
4386220
7819689
5928454
13833459
13175560
19404457
9142569
18690224
2061017
11421117
5349738
8270833
12462006
15031585
4752600
16663727
7797318
13108666
8710400
4923240
12368603
11913483
1455058
13668890
689613
789927
10193223
2704510
4405199
11820396
9530685
6140351
2447508
16959776
6543322
733221
4067481
3171807
1589350
16581356
16872724
6029824
10726754
12119253
9826377
11405263
8107548
7302297
11956896
18183771
14506720
7140315
16769427
4493722
13449205
10669021
7482463
13558724
10319928
12940563
12770252
8879887
6563490
3814222
9711888
3383153
14107709
15718659
16310003
5657430
11631035
1274373
13077549
14710187
9892075
1619461
15549260
1650239
17290673
16409956
11824224
2728125
784944
4104556
14981525
2301254
3146869
1266241
15564968
11222257
18402305
5913195
4959291
19369590
13404411
1201128
5424587
6616357
7581421
11824594
1181032
11948445
16068377
8863494
19712319
1268487
7166710
13398847
4037877
7113427
11791823
3409565
10170636
19275747
3549369
16225771
6224604
1652662
7440298
10067540
9124753
13854363
2494641
10991184
18647921
7156890
9038460
15503894
11703211
121064
4257991
7091864
14551744
6980491
5490049
14927821
18526268
4027404
2469297
5883795
10508428
9546834
17790236
6413467
17377435
7302100
464238
11983728
15865412
11867542
7437279
3774546
5809269
1405825
4868374
14193089
15419591
12166266
10957100
16570903
12589222
1064592
4030165
18020065
10766436
6403055
15301751
8114441
4787044
18980894
1021479
8030995
2684007
4738780
10281391
19908352
13231394
3892508
6448249
7274874
12741520
6063080
8871464
11353771
4006680
8535102
6145238
15194419
12246175
12497206
7681003
4231732
3016027
13061344
15844338
16575836
19032277
17371109
13609401
2876040
19300168
16651362
15397730
2667872
387609
9654548
18205106
19588292
8208275
10401001
5529314
9197887
13331950
9810808
4298925
6804023
13024469
3386966
15869167
3459714
1993405
14677644
3787987
9429648
14664415
4070185
76450
2954326
4026788
3085806
17237507
8126724
4831894
12540543
7295188
17866074
10902202
1441881
3251753
10299967
10254764
11912051
1976624
7016015
10468396
1943541
11783828
4303821
13752497
11939694
10066363
5893931
825244
947241
1755878
9133999
19852921
17262965
2434483
5101451
5995355
6626299
18957194
10519328
10880208
9494636
4005942
13345327
1315810
5074305
19676457
4674837
14500245
17502758
17965552
8481908
4960057
13744647
12258939
3073512
18892896
5602559
3215939
14182879
1491726
18715152
14052571
9189277
19464289
7891294
14663834
9436726
12363173
13170626
1555813
18124463
18276431
10643817
18886151
2142611
8417239
4831913
14319962
1582441
18462726
2020865
19098649
160931
4091613
10487030
17692285
10281182
5208163
14325016
5191875
14719124
13219129
16807580
16668578
12013197
7687175
1644716
16131488
4698026
7232355
7305506
19464390
2300835
17869066
8000247
16656852
1568440
12372419
7546474
495825
7079886
19737074
5544247
13182856
7722398
1891018
8764605
3170781
939685
993876
14677014
12531405
12018258
5830504
1346931
13977416
12315482
1036422
13287056
10222850
8411342
9912282
7911574
14995865
9260734
18418849
7417115
7453873
18988370
18685347
17487214
3921135
6349313
15680268
2380569
15144490
18189298
8513320
9046001
10092895
17852187
18372255
9669459
8920045
13043484
9782902
2540860
7078494
509626
4579070
15085601
9845198
18427241
4556896
6377826
5185422
6905707
18751770
19528560
2559712
10934396
10024623
13173977
5801430
18020851
7938296
1909006
2249179
18327718
4589695
11455906
1511077
151137
7042557
4146859
4842916
3981294
14081954
10325603
7864841
7089971
13451790
17701092
18902058
1351603
14168447
2313233
14187888
10967015
18780856
7149268
11195871
8067844
3320437
987818
10534877
10456361
19227318
7048208
8914406
15104544
5195615
17699868
12653657
7556871
12955275
6864918
9616344
12133262
4948115
1436056
4578462
13880903
215420
15023057
16673316
3127630
8979709
14887506
19820310
15292142
4522766
7913811
16287018
2324
2500675
9878090
17479760
9399148
2016926
9014424
525667
18842829
10178599
19346183
1264172
16248711
2536682
11636593
3706010
11946382
16539929
10770566
12438723
14480638
2272102
11724314
11445129
12268330
477014
14747824
10408869
6361078
11362408
8849268
6916209
2345679
13499533
2921977
398410
2447090
9639072
15288903
9403866
888281
2503105
15690563
6973315
18138628
19093690
15575408
18212418
12773217
1079766
7235954
7844952
3801005
3508871
11533109
2460747
1730218
17752609
17907076
2560432
18138440
14851898
18292278
935088
7956002
7385694
9399742
2610867
10326900
16419981
817677
6252307
1142888
4944404
11702744
9233958
18692941
18101222
3833078
18362277
2811859
11661816
16272055
15925637
5422454
13814746
1651417
5217892
7207513
13593262
17662702
12120413
6747853
13837591
7967292
10791306
18440397
3620285
5676043
4944993
7956202
663213
5272775
17956730
19558422
12308832
19783026
6718321
6494942
11707667
14347755
10044529
6638678
19176815
12278502
12046666
16616710
10181914
3057572
17634907
1598450
978612
6660447
15966991
9449474
330281
10800161
14188025
16799060
10802794
3504613
8991006
9774596
19651864
2523679
11741432
16018521
13395100
1905241
6142438
13379370
4301233
5639371
6739191
16312951
6925178
19826481
16633214
17930189
14190782
16889683
4710411
829294
9499390
5071746
19747991
1271842
4378512
17453278
14256266
4220857
3742213
19029913
45455
4904522
16229781
9950624
13798825
11474038
15241846
7521167
1709826
10343486
19344893
18332905
16902365
18711104
903781
2811140
18873026
15181727
11758010
19538253
15815793
498226
5460106
19179283
18576168
13632878
17805265
8360640
3407274
13976387
15016436
15208780
11636806
12234811
13836015
18585497
13029585
19779911
10828744
121384
14266996
10952501
15420953
19345937
11591643
1493763
2473007
13130416
5266862
7798944
15366923
10361202
13975233
12152911
2550502
11912857
10333427
15494337
15166983
3908820
19480677
17798784
7927219
1493216
13564888
15471642
4800529
14833954
13896944
18097435
6381077
6712363
13434220
14024221
7630136
14588898
13855192
7072900
6596729
15866644
3154258
16913113
9190071
10511177
9535064
1264062
16166916
9471589
8547748
10941152
4961541
12660848
6151798
16812598
6920209
2901713
10692602
16469998
862595
19681735
11857256
18720131
11935594
13072759
2377760
1096770
19716490
16878396
11368776
15419692
7673202
14817066
13091752
5528148
10486956
15263453
8512726
7596429
5955096
13949821
2125553
6891915
12947368
18990031
16174802
10899569
2864760
14291618
16263308
1892991
15728314
7556197
19071231
2753925
16190718
11557488
8949564
18724650
4485455
14919365
8961434
9912122
600141
3466497
10554242
15735682
6611228
3000057
13886755
13987645
7604761
16738381
8798655
13391020
10996777
14448427
9368446
1634840
7689638
191667
4797477
8360792
7712723
15016085
17888569
1408520
808679
6805549
8058196
8252876
18009678
15758958
8745670
11942365
16936604
7944737
4127068
15097328
14067390
16050626
15341059
7719889
2697371
17857990
17858836
18274232
6345549
14414643
7424629
5816123
3332498
4392562
6728460
17618862
12134189
6363696
3424081
2438163
13505087
12948535
7316701
7811455
11793000
5829720
18161101
19817835
11786281
3209226
11033121
15635226
369091
19837299
17634202
9352461
18068497
8614867
14663372
8303029
19828046
11269530
2852011
12029290
15773907
18462069
11274758
13872656
15339779
1064459
7940386
8732526
2940653
17727776
7733337
14089757
15500851
4887215
10983804
1127088
10635062
6545434
17344488
13408033
12600019
119889
9940920
4087896
15177666
19465545
4301459
7149423
12322191
8787720
5679963
6584321
12875794
12947508
8644657
2275138
6819194
8297277
4330289
1311742
2138953
13313498
13604127
8899716
19414183
11436355
16016617
7969678
19172942
16250207
14656393
16769621
3593414
11847535
4650509
13740026
8876081
7456319
4214489
16875200
8453493
4606992
18566105
9469913
11812041
7512456
9953101
12960010
11382042
14752235
7740582
13863827
4370689
8963168
3189180
3789584
5602025
4724835
14577501
4135966
5141896
10115451
12309934
112275
13091442
8282718
307352
14649226
19618286
8512653
9953847
19741107
14007714
156852
1384527
1176368
7010542
16235114
19717682
11704786
18593294
14098327
14921005
15734651
19832508
17772306
11523886
772086
13083422
13384896
4486381
11327426
6478328
720293
1074162
216861
11181776
7579969
1967700
3464219
2897532
15378883
17840063
3044719
4049551
1321889
14710839
15239771
6300616
8798079
18952169
13203485
19044838
1177034
15097277
15169585
15810326
2346670
8558826
9094080
3858456
3490573
4203387
10584918
14158709
3929512
18384849
2925712
11631883
11425389
6268477
12593120
19960375
15194926
10335635
898373
19306329
16401265
9617030
6602093
3086031
18028819
4108037
9690325
15219556
19809765
16043052
13652821
7693965
12841846
8972675
11167891
127016
15141072
3276464
5732766
12660350
6774259
19065260
5628665
1432058
19122681
15066476
6801823
3419260
16504849
88805
7442930
10025693
10200665
7739911
2384930
2636998
19543744
2852438
10818220
16188117
4120424
11630742
178754
16797976
15485207
16296133
18017590
11707958
12223970
1198324
15313546
19977400
4941536
13453028
17635871
1392716
16845224
17966433
7824556
9073684
11450651
8740030
3685347
11160207
16694781
10922566
8647818
2224674
9167844
3156980
8504466
18965213
15089955
14278214
8826118
3059287
6336248
7934527
10976612
9272244
18511216
4901245
4516173
14847480
2430628
2411246
6794364
7072685
17178832
7634523
16471536
10065206
9705316
5295270
7061201
10288994
10747975
18606710
15907519
16775262
381206
12972285
17805087
17407724
15968748
4215432
5957622
6995463
9872338
19469829
5528769
10934546
2659362
5217405
12496758
6880780
880355
11941584
1174098
7552424
15816399
19011196
9874160
10199753
16578031
8814172
1531054
983452
693692
12981503
3683903
227946
4878727
7328620
13147277
15360322
1676259
10393451
7937621
3367505
11151341
11073884
16553851
10565045
8393693
14747694
9818645
9285938
9580716
13330106
17869989
10635374
3300242
19378579
682524
2839932
5486564
19608150
5611144
3648881
9330025
13740777
5355693
12661789
5679139
18686282
9331678
16854912
1191088
13664457
2353277
2732189
17155910
16411243
7459770
10356114
1889764
16786145
2579593
459559
9095881
7557272
8208580
12108763
6459671
13280339
10611731
744939
13951269
14788533
2115752
12313595
3900838
11128141
9425200
2431923
7033055
17296096
19220637
13547681
15955108
18574334
16313088
19868870
9434953
14602559
16950720
9962946
3262620
18691171
5582040
1961519
3135561
1250469
7425115
10748972
13310715
18675542
16733473
4961218
12202562
16978609
12427113
19661612
12330555
16010724
16990713
14171559
3018144
11071100
19723743
1516426
3987895
4836766
6092289
13355293
1735414
9357627
11834741
15648182
3944449
17527773
117185
16416096
11420555
2997416
136568
7943554
5199810
2728337
18577780
16080565
17062073
7585971
2091963
13798160
12840475
16835085
7483264
12308738
6161948
4098437
12654020
11266714
6904558
11022731
962571
9540392
5301397
18772957
7210208
999810
18472979
13146526
4424528
5340223
17336857
5952587
17864902
3433177
12134876
4283614
115129
3077307
13576446
8768323
13906385
9439282
8616591
9965826
7130146
16835244
13850751
9851745
8646480
11028478
2246114
6504210
12974237
17839753
10269570
19039060
11557761
3581666
19739982
17216865
2024284
4391600
1824945
11315526
10270245
8105158
16057674
7239578
14408718
15296055
9386064
3221428
7366679
8720072
8384688
15894833
9385607
13807980
12468935
8443218
14716545
6314054
1772193
17760168
3694257
13070507
8901861
12502951
9545010
10136454
18677793
16643484
8126321
12995687
4097882
17836339
11890230
11044315
6777873
8038412
10149036
4230378
7789517
14854514
18047590
4585609
6391136
3056306
18378935
14387653
16346893
8885599
18463277
15404162
8985631
11379524
7671387
17098207
1244334
10846626
12290888
4828961
15671383
18948451
9289129
5745231
6243483
1545920
6562344
15716965
4034658
19847722
18898856
10779303
3524209
6626719
9779271
819131
15382280
13443853
3509112
6038453
12500786
8233513
1173503
3782235
1761620
6868376
10846954
8807730
1872853
14092830
14869736
8252264
15909708
17387443
3889579
19776599
472005
16499298
1301477
10435142
15055317
12020076
16419916
4662169
4381713
18644636
6558487
12439184
2329391
1863713
6414798
8091738
1917370
729552
9559671
5609739
17061201
14020485
16944090
8599932
16974789
1118455
4497024
12696933
2694716
10488937
6019994
4636182
18482693
18612936
13913754
2786154
19657190
18766155
12191487
8041425
2187550
14346375
12657041
10288772
13674869
18201076
9482911
16281750
13827585
10093465
5066363
2975166
11019651
7603319
5765436
1434637
13675021
350358
2993516
14631356
15436117
1812350
17718897
8692822
7436095
7069417
8214574
9147098
19848220
11743400
11199992
6818422
18011881
943629
7140337
19550652
4526378
19404730
7832513
12572861
13515535
15953716
8250497
976327
10638661
17953874
16413482
13055766
17348359
17643837
11504519
16737887
17970324
11528290
12098151
15415790
4730420
6365029
18329882
10787750
10867118
8283484
12233764
9113000
5859676
7470564
11404037
18566020
12383769
17974273
10017546
14664658
5015368
3746259
13477883
15250180
12344108
14408856
6268717
1562037
7685849
2688792
12631254
12921767
1071000
17669135
13548949
11478995
18295
4418761
395164
16806533
7695604
805580
14365304
15311622
14600303
15099225
8131501
18883626
5015428
17284612
12286497
5273849
12514871
2634223
6038417
14762661
11127646
7251275
17230470
19977653
12486257
19779843
16721820
13969051
13065648
11693467
17437323
10249256
6420533
12622194
5119328
2601877
4903858
5239947
12946404
12233154
12971045
17035115
12993392
8899930
2650612
1379727
18474188
17403505
3668606
711900
14235039
8011541
7921231
18398998
12090720
1440486
4215666
3312218
14858869
17423740
13051096
3569670
236177
9376629
3227471
19609554
16719229
10584645
16505432
3835181
16415734
10703064
3531565
17761446
15732133
14654942
13587653
15314976
18387767
18603845
7579089
5700647
12376921
17871133
11255181
10742811
18313208
16374163
1148843
10423588
7291065
3458472
11067872
10155368
2055101
13954093
4580108
19353562
12953650
11329309
4493564
18728408
16096486
6121388
11342790
112457
10012853
15884021
1680110
1029306
8068744
7578922
12248230
19436192
5616083
476345
10476153
5960487
10423826
15324301
13166222
15572997
9838714
14366973
6778731
16841715
1791287
15238095
5743391
5190095
12675197
10716743
13132260
10669952
3849263
8345081
17778963
7674382
19521973
10441714
659800
12511280
7426713
15660197
6999398
3390577
11876068
6686776
12337158
15868551
15807712
8878220
16826462
5968280
14299083
17463755
10638171
6244491
11599524
6810595
6277546
18764371
14570911
4503900
1474546
10182328
11649485
10297681
13728451
14333091
1336056
16885425
3400891
11725403
13192228
4307068
4878814
14994598
15673009
6673780
10891898
8106534
18864341
11003160
3409827
9080581
4505408
11089067
3869833
7806411
4234796
18238658
277945
9873160
7930418
15853288
5299272
13222434
5933254
3547211
192308
9313349
10575442
5175752
5501939
13206832
16154635
6255906
17474670
18206581
18407275
7354057
7548
5848440
4385023
18577077
4899806
13486147
12411759
16445801
17124186
10814483
15700373
15942032
13703053
7251864
14450320
16614437
5098762
676906
866540
9621858
7880569
611675
4107490
17150433
14307
12770079
11861188
5718746
894151
7528448
10328955
7982401
7689429
18015796
14044257
19415216
6220856
2500542
18783843
17305451
18417137
11394248
44778
3236805
18100124
8035617
7719121
12675801
549780
6517540
19448078
18254339
12481093
18772064
11068210
15748566
17865023
4488148
13830578
19238948
13739482
3723268
9540432
10400787
10451624
8322684
10281713
8582312
17118250
8426756
408602
15831138
12147171
13407175
1716840
16095855
18797408
7187154
482306
15009953
9528683
9824626
7206124
14945161
6411211
3142387
14715395
5567021
11151478
2210580
15572155
3322737
4951415
8123046
6994819
15752067
3907296
9269889
18656090
7264210
13537011
4496926
9154232
10441995
14984038
7459834
17825822
19776659
1827516
14983225
12430317
10171865
2699073
2297439
4794609
16586812
19366823
15076986
10203098
14465461
1176181
1760976
13253538
13571738
14501797
16709616
2803664
3340183
695072
7142361
19354843
16957695
12004632
15161568
17255514
1835317
14763797
5520770
13118623
7453956
12112840
18435524
5262572
1553975
13936556
17232036
8688308
3695549
4617195
5570113
833919
5075201
5024748
11480512
19981408
4376869
615086
8794337
11149907
8878097
12095499
5931223
1244898
12145177
14699758
18778515
12343674
8956039
2063961
1748922
14757665
9812553
65863
17886885
6108403
13444702
19705547
3058868
12923859
10568060
5329526
3126645
12947135
17968726
16009054
6526341
19079159
12074920
2638337
18409146
15331385
6802859
3583521
3701340
1581536
18660201
19283787
17258270
8326268
6689689
2337834
19328323
11305960
1864325
8144955
228587
19595796
3938730
16203932
1594608
19204028
10533352
11572881
5926114
9007062
19696975
11894268
9912146
11974455
9243772
12446249
6448075
16062800
4487397
11593981
11737649
4887578
10436723
4392902
12924408
2551438
15725066
2594972
12195788
8942260
17969194
9414230
12452269
19597236
16258349
14291101
13003693
8242102
11731132
7348490
18562943
12405866
11322155
15717578
2163774
15238010
2680277
19257035
11154425
15118608
4334635
19132132
13704648
1584726
16251377
7741439
13740182
8238480