16185198
11857330
12751448
15668
6172876
16038004
3902727
18846032
9501267
2768514
3751361
678902
5549681
1687071
12361620
19179285
16964138
14163461
9456881
19860034
17119541
9214912
5826408
3756030
15099673
11184276
14169738
9408404
17461174
18555711
16971294
19288200
6548578
1953535
1337125
7883791
5801758
10738862
1631190
16248143
12395563
18495686
617974
11126588
10030029
5563369
2978583
17329683
15793590
9382300
153132
18826771
4471425
8212750
8663286
13140832
1960093
8327387
13380479
6276546
14397293
3328085
4468257
19539813
7747558
1704495
9696712
2581969
3413051
15886241
15662625
382102
8111690
9281844
6009834
18767989
16417449
4338027
12702561
8698022
10821895
6975740
5806491
4366759
8406383
19350870
7323095
7880800
10487966
17863280
238941
19015709
12404260
2716467
13731447
16452783
18673985
10327144
18259276
16960743
9338199
5882031
8126180
1595948
8811756
5858727
5142805
4001094
18132218
19835046
4104752
2954869
6240412
17721949
10357288
17899734
18566611
2938797
16446993
13875120
5023609
6458426
2835476
12267832
7448626
12958960
5403910
10926552
3950963
3116292
8032153
3136979
14225504
6007583
13450443
1670153
10223889
10414478
19549221
10027576
18431673
7143103
2095975
10327781
9362684
9116285
19344094
13413515
19175340
665128
4741940
7781374
9651943
12132513
13332249
14689356
6787969
14976809
5657857
8426142
1508300
18927987
14324587
18849391
6386036
358238
19629356
13028099
4230484
6531123
17660854
16404565
12352583
12643437
7560624
15089552
3045559
13875198
15623540
1362526
18589816
15776529
122595
10564993
6656058
16110615
2782020
12380670
15576412
11555963
1697122
16010389
12038376
14525913
17318015
15662779
2911533
18224790
16193822
1112525
16701702
18855112
19809655
6965186
4948100
15014706
2613360
4455973
2739266
823628
14487240
9348174
387211
12336210
3827916
12306113
3244079
1121272
16650841
5293645
17550514
19134287
2145279
11774651
13405825
10073602
16186040
5501313
127254
11940230
19294646
1796234
16222269
2892856
10618053
16203814
5787111
766695
15200773
855615
18349569
11757257
7919659
11500523
498090
16888457
9743217
17894063
10134482
19087490
294521
14855519
6451929
10556323
292660
19166868
13673808
17309199
6253296
13151095
12627288
15394711
11058307
13611308
12102638
5847335
1751409
9550206
8138152
15902135
9051740
11340986
17179168
19474634
1976886
8540765
10605142
13664400
4890442
4804238
7947043
13334988
3529968
8846214
19907840
19599941
6186272
19885026
1163502
13426270
11247011
242968
1418707
8658743
4764801
17878007
3597546
7315550
12520355
15592935
11470532
9657594
40382
14294975
12324980
8199738
14251136
14345555
4374575
2686560
9502390
6480824
6766195
19525661
12788515
9899649
6529009
1304597
8690787
13712686
7343138
15985210
13659597
19421000
3207081
19534904
637338
6242524
13464258
12212682
16554088
12641874
8001728
345383
4389312
2585645
19564826
6472656
11176328
12688968
16926865
2212711
145120
613325
5431744
5766254
5055323
8229671
17916335
4742681
6533969
7646962
13904100
8028683
9346961
19415841
8026509
16975041
1162927
2341932
4621061
9888520
733176
679719
14681471
18476361
6362989
12832567
11006395
15759663
14347197
12782350
4561183
4477561
5965521
17314207
2760047
16822791
9904174
5894268
6390038
10901962
6291480
6036559
5707055
2322897
13042441
6473007
16936003
5774031
11719879
5203588
12968214
8925969
19223915
7232703
11338340
15595796
3682623
955252
2569865
11552513
12905223
11742171
10131233
18888695
11396951
18194422
11009136
14457797
19475344
1399387
11773116
9591797
7633454
8702031
7476321
12336208
18906916
1080475
9926607
10517427
15117910
11424514
18268225
11289464
5078634
4817119
19373459
18665065
9027562
5390408
5330412
1520875
2913064
11570760
2889383
8259287
17489841
9383453
7032595
15549818
19996981
12189108
15510183
2155863
14781196
15352240
16465393
17577337
3098211
18480276
6987059
2172390
10934461
18945133
3386655
10617158
9071969
301992
16653741
18303359
12689332
17385825
13249553
1516184
14243894
781948
5573740
10954529
19179703
3191736
18279435
17431149
2268321
18154958
4022668
4502718
3534724
13808454
16480140
10222986
11406176
4386359
9754506
7315731
8114426
14697027
19898295
14309794
4112615
10509961
1700929
1207321
10514113
4837241
3629420
19975145
4261484
14288006
15198318
18457487
2692095
4746582
9567756
15983932
9558513
18645286
9797452
2435427
10019493
1369421
4446206
8772727
18363671
779940
10347690
9173372
415070
4075558
9197771
13682978
13472940
19017243
2515196
6469389
10991672
19026125
3399526
1223444
14869779
19777678
6452595
15285367
18265744
1798731
5240154
15433311
941121
8477333
19124887
1713162
5454733
16658
14051803
4631850
11754957
2365290
8139498
7834039
15615644
13750699
16458739
3809565
15175781
12607281
17881725
16030484
7280998
15258218
7991744
16205399
1796428
13242047
2370852
8438098
14798667
2056558
13236277
14472680
3451798
4578545
13935950
18356120
1134797
19836500
11396283
12872851
1474526
10398269
86361
3100524
18950226
9999412
8310762
4146527
19682572
13199619
4092028
2019973
9230365
12669921
12612294
18259378
7421742
6830960
3384535
5652180
15794460
5923486
15404064
18603294
1059204
3530977
6683294
2140134
8818083
12329395
19196787
12737766
105
7433889
13728759
10102277
7852006
125245
2865879
12254890
5955049
15628505
1394240
11448122
9904740
13595659
7406313
6877040
568737
13104984
19968400
9730864
3612076
18108144
6364721
9036069
14737551
4376591
7440897
1262766
18148828
3357410
10372653
5484617
13475444
2489262
19686907
587557
5859346
15740062
3323217
2373249
16860290
4088536
1922592
18339552
4396550
7216624
18283332
8491276
17286350
6538562
16714122
1183176
15210105
12730055
5339676
19537123
5452923
10920594
12035611
16171772
3963070
15357487
7819017
10331850
13048932
19671027
13592086
4329976
11805310
13547280
155001
16595763
10725787
7344226
2677676
6175752
18018225
16945543
3350121
11742683
6044114
14755861
4199762
15753538
10650527
16838076
15628369
19720581
6285595
10976258
19836340
17162044
7559707
3688502
15991042
18064531
828191
9785972
9966191
9260400
10513974
10891371
14339698
16590632
15204089
19578094
8517677
9948652
19345025
18730926
17792036
6305919
19428436
18565910
7226245
11544218
7068418
5256180
9661571
10308561
10211000
10551925
5848332
15188330
12125031
9380086
9790412
5120321
16004481
13998051
15203151
5220473
16242705
6847301
11826927
12665410
7940171
10474657
15694616
11331275
13046018
19602754
1158650
19459498
210520
7088438
10168560
11832233
2761352
5764875
5702908
13097175
5441046
16607235
16797179
15857725
34836
16284619
2457587
11155884
12068010
12100711
4740534
1647048
19242334
11569567
5660085
15646066
14481398
1725361
8798655
1482436
10186625
4794018
5073362
15863305
634911
16232134
8894833
8900030
16751368
12584050
2881642
16585104
14595168
3969948
1378895
4775338
7612637
5014261
14592332
17237571
5079108
371369
12818577
16453001
8386402
12206571
18905591
3831909
4824700
3384342
583640
19737635
13640731
229186
12679591
5623808
15699855
5313749
10160912
1473306
10972662
19127952
1462375
10574563
7330040
933696
4809605
1977528
12081649
11529002
17745817
11183683
18648958
5958180
567314
18845481
3779583
14242355
8652647
12844083
13055741
17054680
15146671
7912750
9388764
3456305
3245899
9604695
7800618
15739608
10119355
206098
15226485
4766418
12120697
17383867
16228099
15651962
2126340
11203898
1820391
9349626
15482234
13536311
9579510
1075512
8504022
10858701
19160025
7754954
3926614
506181
3054370
7168590
582781
9905602
17149491
18579463
1662907
4857723
10708238
19689832
17648749
903684
4172513
10940618
8200754
5056854
3144699
10458840
18281182
430298
5892494
6221868
6588955
4459612
1219365
2002817
18579936
8642693
7221274
5353483
962723
5968271
5541365
1601750
9151979
16722401
1268507
3602056
6103166
11322020
14560149
9604795
19073148
11614011
8104286
10974166
5067331
12336787
7257498
3384601
12345777
5492067
1834808
8187328
9294402
4295439
16047242
629292
11340009
8588110
10744538
13032661
610471
17826595
4504411
8705557
10521499
14870991
9444904
439295
14032242
14347346
19619053
5644470
4051474
9005114
9145715
10328305
16616214
8588526
19719740
6451045
6916222
5584511
795000
128596
15816935
11418533
13353084
15747402
4676028
517988
18910885
7611719
945974
4827350
9433311
19999968
3134039
7643239
1865269
12096923
1208165
15616620
654633
13043123
5582085
7513958
733963
13191730
10119074
8909376
13585167
11212999
7232048
17667120
9414156
2251730
18496298
7528519
17548350
16112912
5601924
10545586
6889259
7942728
15839809
12237583
5621387
16112932
1352309
12045357
14350495
17528884
9439849
19720924
18738729
3820671
12891155
19280828
13492944
9897321
8415082
8159346
7990423
6258650
17418567
13024897
14388855
1604221
17564805
268106
6864620
7430856
8882266
14275244
17299215
15729268
2460919
12874909
9119683
3357086
7333693
18059189
1555538
12931464
488033
11606110
602251
14105952
177904
381727
15320471
823137
13303402
15106000
3492343
12214575
14247042
8567382
11893952
5410225
17099292
15637486
1548132
10505494
3371627
9471614
6841391
10425021
6858568
13061792
5268001
10464334
15825039
13578777
17717901
11512019
6664992
19273628
8992508
11820377
14189042
15191822
11554592
12552113
13128121
16836124
10590245
14438004
1065095
11695210
1514200
6811326
2821923
3903328
16201516
4828485
7819391
19438359
12893370
2871519
16630070
17411235
9240732
7581918
9635423
11522581
1351237
16205501
1328656
7316545
11542885
114290
5348009
2445153
11358724
11348113
14306227
18448475
8513252
16317016
16733192
4837856
11048918
10498837
15910464
18081059
4473165
11616677
5743997
18284263
8484666
13533917
16443937
10599662
11545266
19219209
14918349
19096758
9804277
5314571
18807603
11072732
19818303
11502440
15043555
8396415
11072378
7507678
3776595
7993601
19045275
10115458
12412783
19315446
7646180
14682758
7721194
9403769
4892665
17801784
724816
19082428
18466426
13270184
392893
10869628
15439172
18848422
15756992
17335655
15009285
19587758
14656205
17370610
2635849
4441044
10808940
10189606
12434019
8104719
6792878
2211493
5436525
12746422
15256865
8591617
19435026
2531902
9202878
464888
16639070
220758
7564738
2956662
9385937
14968840
17981102
18912389
17392848
12712405
3918279
5602725
18762518
6572166
7959324
4664367
5629415
13200645
5384014
3753584
8044729
11586275
19505492
3135550
19804529
6653057
7789282
16022314
10780994
13274625
8034115
16360573
18811885
19244116
18892736
6831702
13366106
7278162
9156247
19679952
8864161
12174697
16947261
16687554
10458166
7504590
19485045
12693093
14728307
2623403
4958428
11890808
18876663
8344080
17056753
18487425
12877223
8466588
8136599
8559748
16977394
10493093
17418605
6357816
6419490
5070615
3889216
10005352
12280713
13895670
11031194
7976696
12322529
6545881
6341775
1218576
6868198
19035079
6493287
1144879
19893582
17833151
16196798
4948264
19553479
9892784
9892703
13755970
17630419
10061528
16106803
11663113
4089218
6361219
5235043
11545000
18204721
11221142
17584038
16047648
13721674
10229391
5445915
6319603
8348205
5615569
12675450
18484432
8398590
17399808
10196145
10373041
1209221
14991062
738226
11175882
3004805
16379180
16770936
1135031
12958013
19262334
8682224
14212154
13802640
15254543
6713221
18445586
11967484
18038356
10978763
3690633
18724402
3091396
4690043
5248702
3308641
14210181
12603158
13960667
2075950
11506485
13161195
3482618
2107809
18096485
3062934
13759629
1578048
9276466
722740
16475311
5159177
11441017
223602
17804583
4394228
6102864
1470649
9624510
4156572
13427418
19850869
11348526
3607911
14432249
7924156
9028451
4136949
8007381
9695932
4393635
2909405
16170918
16485185
15793620
3813444
9356103
10169664
2399774
3153094
943890
13108903
6877550
16687139
17574755
11403526
14660145
12709908
11081103
19277416
7850367
18456657
14124708
7159552
881113
16738301
17032766
17776231
2218643
8719167
16960691
6243300
5660856
5496637
19876463
10957655
17701542
17711369
13832299
15899265
16022248
15466445
888441
5711138
19193822
1705431
13032759
14392346
12851297
17352878
2973604
1810591
3726541
9926916
3974501
7587157
2507403
14961903
13372710
9643693
14928954
7128949
17011072
19717130
2678002
12781116
15102309
6741068
5188197
7223914
4522307
17820205
9888640
12204992
19621470
9454238
11875463
17756934
9802861
7268935
17089097
18150730
18601044
4772783
10074956
11751551
15488870
15792718
131784
17301730
16865387
19149985
6601794
9392044
16751921
3242868
2530244
15560045
11282815
18079575
8989436
18997989
856177
17316561
4779448
2994019
17761448
17683158
13480848
13934885
18663927
7249558
9364856
5616877
5628546
12924002
7176763
4902555
2757271
1006798
13417731
5211997
12571171
10257208
12093614
12149554
6791757
18216511
2773793
2139124
467357
17752932
6399744
11739995
6234455
1858074
2455953
7197196
15822040
2762872
2665777
7807783
9599798
17666617
3970680
15525456
18926467
1803125
5509816
5957247
475393
5086815
7291227
7676643
10027646
12487450
19734918
8135923
19048689
4084150
7739073
18142899
7152425
13417785
9797134
10583463
108846
8048269
11701268
15239510
19696226
18288512
14246926
3066664
2532428
2037024
4979916
13308201
12329595
1699408
15625630
4394128
17892360
9106041
8383337
485696
4890948
10203425
6622904
3420734
16582056
16524727
19177717
6457725
14152634
6512867
9126129
15304139
11433400
3513698
14975970
7256485
8228800
5573331
4689757
13618502
5473886
1703874
13818795
1913353
14808609
989321
5181878
9434974
19220770
847052
1822896
18818706
9343294
13601572
18237639
15171775
17600813
11844224
9886941
17455245
9870602
3719142
12958245
12711138
3988955
6848855
16895939
14327530
18034673
6056718
8502726
13661539
4566724
5486613
14504892
10266578
9674899
10483959
6718500
884437
16937161
15552343
5085426
15743079
15275588
15512901
17174086
3489251
13163115
16859316
3108213
15968107
5177202
15012991
15195129
16738403
12797428
12481836
2316352
907521
7734897
7458984
17180997
4056195
7879441
4886595
4982478
17202108
2443885
4027391
783715
2057097
8740397
17444144
15651351
224219
18946782
11649326
1265464
5297621
9214711
17284298
10284230
7030482
2918138
11415647
8812513
19141043
2193317
2817869
7206852
269559
17200
17690839
10121687
4512939
19029897
13906494
13792585
5372937
4529903
8715788
130638
4648916
5831968
8481146
16559040
3686296
3520657
2946969
10766301
2234541
5933371
9673117
14771824
9353121
6964391
12356059
1391257
1640197
9688433
3849228
6532232
11867723
18036699
18483846
2714621
5780180
14675733
3966000
6786602
14680933
10213781
4228146
12785208
11642735
9795124
2782881
4788999
8231954
6129557
747260
10807557
12355716
16359555
19144483
12684852
2320306
3952688
18800108
18189991
14818029
16680469
12654992
1525378
8740334
17746997
5738906
2583505
15739229
247235
19590994
5767983
18873621
5731339
3918110
16087722
16786473
19886397
3834755
18336543
12980846
16085090
10082371
11703539
18599945
6143627
6514136
6362070
676910
17952170
181845
16434576
11332020
17056370
12000440
1258622
10147866
3896037
13705178
3851865
1716844
10943401
7177216
1841641
5211526
11243703
3252907
15315448
14067459
14978820
11925951
18197902
13797504
17761014
144370
7367888
3847245
2655161
13990015
8467118
14103092
7942957
5416566
8144331
11888164
18701326
15030013
3741766
16146890
17973483
3569589
19630588
18407822
17171326
15615570
6388031
13703473
16458016
3958847
12188260
6508575
15191223
263660
120194
17455737
18888043
16012884
11216372
2461623
14600994
1800432
851901
10530420
16792247
16377638
6110225
10410207
9982736
14485313
6724716
17238225
1953904
3163509
4309741
10720817
4828958
7859367
2365844
16560850
13423177
10069327
13424547
3445761
1983043
8526268
13065360
11304343
13880730
9347805
9941266
19888105
19479711
9743615
19765706
8994592
1737487
14850067
4848792
6498296
4518751
8743818
16990011
9855685
14357462
2042306
4082356
18943948
12537495
9904679
7116476
11019391
6399695
6960988
8476671
11485638
14756903
5146989
8687733
11287100
18077458
177813
2213802
10105518
13010059
17439360
5319045
8750966
678312
10422706
16614848
1251574
16246246
16301422
18214112
15625871
2132365
13652349
13076148
10675277
11921971
8450313
9011916
19682601
16350500
6757475
19270587
12682999
3890159
12963562
2023616
3257532
5453991
16189520
2372953
1119977
10702946
16068517
18128750
2312687
15141521
10806988
1007033
934547
3514799
17837316
13195730
1877977
16861878
14034513
6442816
335738
13321439
16962315
4071596
3437132
11139989
16971451
4162587
3103667
1899572
10605442
15713600
4339802
15150082
9334817
11541327
5542261
4896585
18182259
290511
7229513
2262675
15336692
19724579
6656609
19559531
10662207
18589496
5581143
2455954
1210206
3715657
8352227
10803291
15352885
1619663
979076
7700559
11804444
6185360
14269238
722590
15864260
8293724
1626866
1924184
14687704
14531679
17402416
11369520
672877
12465321
10030511
14477242
15387143
15017713
6899894
7926771
13404271
14165396
9989892
5673280
6851059
9447745
14132437
9325365
2243618
12564818
10411714
624822
5601870
10155796
9178345
9046097
5591168
19518947
6178942
9572055
3615375
13457616
1078249
11863290
4882616
270101
6634284
903171
10431281
8725526
14277439
12614434
1155133
3808575
8249890
13265642
4520329
9164999
9417311
13036244
8825128
8311813
13753165
10017237
1762084
15662143
11015723
13778581
6760397
3267352
12089752
5156448
2226751
7717125
13027077
12060152
1448281
11264782
17267634
15593320
17873094
5480805
8037819
1299646
5619471
1479361
17115996
10974371
6293775
9845282
4754720
8608630
5369478
6743609
4890453
18026667
15084412
6743838
15157150
11873728
7780294
14325576
6473260
14699432
14416139
18274532
3694499
6668310
6631800
1503572
17409522
7173067
2738418
7098142
18375437
2362234
11893379
1371630
4835763
5141976
8534390
2022282
5593988
18689866
19155975
433834
9066387
11084797
14290679
11629853
19665345
4065137
6151923
4656608
12393894
6441603
12282469
17079164
13875575
17525938
18796194
10829553
2620732
18652001
9414606
10887735
525371
383908
10729371
17010518
14377137
19958661
13151194
13742462
8775714
13112910
7079782
18078661
18792237
4187629
9463924
19406683
10603137
2018376
8291668
6928195
991258
17033663
10447034
17667075
10033538
2821046
5592916
18426854
18341911
5420850
4639477
13013848
4269670
6246750
9472469
9074006
9552276
12184584
10214822
14243726
13645933
13933981
8233551
4379004
15853464
18326253
4452579
3938737
10462112
6908217
15789961
2822137
8363469
7413810
9649573
8157516
5276905
19972240
4921641
6828297
2776706
13587345
12367772
14688974
3528993
18373497
16909681
5378688
16149343
12894558
16458743
5885254
9966597
18346113
14223625
16263281
16811287
7664937
7518028
15827343
8858998
2145373
10938169
10578287
5015881
9276965
2083375
10016282
18164808
1730940
18941205
15722113
1052481
19703672
5521982
9448611
1203937
4763003
10540581
9208180
4642838
11222896
15274718
16667134
4573352
18788765
10635145
1032765
7540991
952588
342654
13639937
18661607
4177522
12054960
8807084
15725388
17032594
14152897
18740272
3246575
15028385
5344413
5106540
9442532
5583670
9677698
17862863
1986553
6544697
8829265
13274543
17551342
8129790
5058671
2251528
9383997
14857811
17490151
19975175
12776208
19454170
19987123
14404190
9971217
12963019
10859774
17588703
8546699
18027303
8171669
16516300
8115211
18521784
440661
6338379
5922851
426442
2060410
9745017
11920614
2839367
2536714
2108411
13998182
7929608
10301511
1798739
3273125
12803438
19965333
19428752
2427460
17833068
4311090
10093762
631926
12117949
8028423
8870483
12265513
17840563
18230893
6295078
5556244
17508489
16566537
19762049
18923122
6792422
479489
802424
13526291
11735389
6392173
3994778
717829
6192169
12666720
18149420
6636748
72603
1515605
13306588
6610957
4804534
9891103
13219546
184905
1762556
16337154
17471341
12123241
4337273
2878049
4222636
12669407
6068906
16463438
7852342
7348376
16786847
11916545
10322536
7537739
5395263
9378696
7711674
14349524
5181914
4951781
13019566
302428
11744680
883031
16224693
3580349
2760227
8461298
11774723
2203781
14839352
12747164
14249210
15709109
11805640
10031851
1072446
10264131
152697
5052273
1221585
1130004
4070144
11626177
17739852
18798240
2756168
1944113
15810127
9212785
11708408
6933427
3954598
1689166
10119476
16069313
13437496
9331753
14545773
18840789
19461467
9698297
2096603
16881849
18769212
18947738
12122838
15261629
2676371
11142231
1160968
9025411
4474039
16772450
6600927
14274639
18823500
10643027
18023984
3963502
11275496
17979884
19389005
11356986
1127330
7661422
9488260
10088467
6627646
9970771
7807306
8770913
12044236
13565771
9590976
19916255
14935168
10239910
8257456
9934828
15396392
18447091
16418838
12282101
13870003
10263007
1035079
170746
11892834
19435694
18453445
3512290
4192319
7713618
3061113
17622554
16884959
14268188
14818319
11146928
18230101
11522722
3292733
12163572
6392213
15890190
8233478
3500107
17894776
18856284
335146
16360235
14124651
5354689
5095665
3343705
13194093
5926678
5386039
14949721
11892230
11758862
3543435
1022034
4784131
6966407
19087369
3777834
12584694
16557542
10620699
3784949
3562721
5760871
19837309
8570882
3463893
15754264
17124215
15669579
15501376
16472176
10028465
18375103
19800811
3013040
2429152
6257498
12711905
7704414
10235605
8662398
4369741
19022023
5242454
14714045
14077782
7970840
930246
5913312
17300645
12993339
7011348
6034201
13044739
18087170
951352
13740301
17402868
9419038
1847384
455657
12252675
1170787
15541303
16647410
6156491
14629290
7013740
12091046
13805476
19312132
9049508
19585497
1094073
2643117
11200286
15392398
8966817
15338947
15286193
11645579
18132251
13730246
7407227
1915836
12165915
1473330
7122122
9980702
10759015
4595156
14244376
16459392
1907699
9613182
2992968
6524743
9648438
19181982
4220439
8572478
16682023
18898750
16806545
16338238
9935523
7561043
4153133
12090980
15342338
15174334
18117954
16401763
610014
18941338
15750401
11551074
5429783
16384963
10051197
14724066
16534163
4771468
17910041
14948615
17432126
18317721
16339588
255584
2586170
10379858
7595433
4365566
8028257
2200806
1676666
19952227
6789608
18464329
16599703
80353
18244774
12664738
19614496
5488672
17309821
7761344
6212961
369326
6794106
5303889
3368998
7388487
15128441
15181288
11023930
3282320
16349735
6030924
17604754
3995064
17932095
5034732
14624402
4917903
1984668
5081956
7135370
17787094
19949270
2563105
11646716
9706288
8118068
7016605
15998584
6725022
6387039
5271670
4542230
2004894
4245921
18269560
18774842
8032492
14088227
5057792
4998744
8281992
16964909
12097014
17886471
19728952
2138506
17215106
10709520
18406551
7872146
15642821
7361607
13154298
1758701
13806757
12435203
5110801
9834417
12826098
6328224
3741360
10318315
13964686
5227927
16945508
3343738
19349352
1758451
729625
12811224
13795655
19805186
4025537
18094288
799574
798707
18281356
13422380
4304938
1455590
17845389
5626317
12206676
16631119
19263593
16289181
14043563
3936336
12161821
13122521
11707347
19380643
13771988
18057650
4539372
12689210
4503565
3315931
13855066
8951111
17741796
8657008
8311909
19542171
19509203
9441517
18108084
19006380
15324318
3345349
8164956
1591054
17091027
5190060
9447123
1324533
12596067
17117930
15033622
2728419
6008621
11241979
10322461
708906
12988195
15628739
5406138
8441032
8532774
649317
9127588
18818263
14801408
5418585
17860698
4015756
6838512
17231331
4975233
14721059
6314629
335005
2710200
3988672
9079916
12303079
388726
12450930
3418474
4268028
76003
1290338
4709442
1794998
11423404
15694988
15021009
17803403
17066480
2555131
1557961
11405030
3579162
7173174
5859211
12008090
11715950
18892141
4481289
10161171
9761797
11466496
15750993
2350430
13843098
2683104
5461771
15110122
19254520
18042979
1034802
12329247
15570351
6267500
19210311
7690289
19683122
2068112
12883667
18955007
6650309
18321
9514055
6882659
2268814
10715280
1921393
11661523
15598307
7189363
18280107
4868591
254194
19735604
7240155
8696668
2522194
8202742
7168685
17474878
5945471
14921689
9747267
8613730
2548258
12036527
18839493
2970156
635406
15351460
14162771
8159584
13911489
10473884
1362138
15139925
13084118
1644085
7923341
3891257
7768661
4231887
10320334
435281
5435726
15807542
2743326
19519547
15390015
17956914
1582679
12434196
13791232
9177977
10128864
11921332
5196053
11196954
10900633
1144374
17145826
5299084
654163
7965884
7496289
9938232
7375816
6630000
10584537
1281108
16789328
3152064
13612947
17560716
9989944
11066643
15699421
4981288
3968590
1824638
9015621
8264906
2929582
8216675
15373676
16480939
514356
13113830
15011941
18781081
12072075
10258436
10903937
5873785
5602373
19127943
13104774
959580
3514660
12662621
9288996
17571716
18474146
591781
4920880
1770265
15610662
17146910
14802437
17508109
10502701
19749402
12746838
7466041
11269349
11792080
10420536
285747
7705562
18192562
1546920
11007113
1774502
16933439
732631
997323
13892667
15305217
15420580
17468612
1381813
16467876
1740322
5357608
8439799
15120929
11561154
18571644
16246546
17264997
5879355
18592493
14917391
2384385
5762073
6247169
16086787
17728415
6222364
9508814
8191280
10792100
15435792
11242163
16499673
12246098
19229186
19389741
18711056
958907
4211817
8284334
9499642
11013109
12671179
19833145
2220706
5544197
6028222
18109304
7087987
1557124
2714406
12525126
18510660
3939267
2050143
3408969
3453785
16308800
10090603
16590441
18656690
7819790
14510637
18494824
14072270
18950262
8243169
8867648
1966729
15483302
14196941
1227943
7691040
18201616
2540971
1989319
4819355
6882516
11304466
3203641
12029838
18333463
5487539
3235931
19499913
19265890
1580016
5264892
19765227
9113856
14893683
7609328
2876652
13463324
11061604
5287062
1887851
143293
9071272
11370497
11314282
4299146
6522564
12571728
7133151
12252749
10586506
542693
4790083
4673761
5327953
19938764
4325455
14336622
5445471
5881321
16928146
8634282
17454288
17368867
3772062
10127028
3723268
9104579
15664374
10337514
1776372
5864504
6026058
16750651
15072428
8110294
17238290
16579099
7360205
2393794
1584168
10981869
7976160
14451885
10088528
11117073
11909966
9491275
1629801
14255346
7231881
865718
16606174
9091910
1982968
12161249
9096910
5358762
5755753
1150633
19318731
5825365
19651104
541306
3359578
3519927
8137093
13355152
4728272
6148743
17984569
2894062
19686587
45637
6990493
13767442
7494140
19115350
5360384
15970840
6721924
949136
12499633
6011597
6726937
16989115
649520
5961208
3483407
3849695
2616634
4515390
7464272
10560812
8871890
8667280
16688873
19154126
438070
7415782
18523426
7154496
8363662
14619999
16909547
15316025
2297053
8861731
17379027
16507924
16795151
18948398
341164
3509511
1752666
12378241
5748882
12999595
11451831
15946118
1975576
1977960
13280627
8498952
11032934
11048453
4953536
11714244
4620452
12010424
6220420
11356823
1741150
6955345
10585943
3139590
12091844
5466759
8395397
5156377
2195837
14785
5821385
12296839
3943891
12173966
1253211
14612220
10309897
13470558
6253196
10176185
9921485
19220196
5247096
4875229
2680817
15392144
8590965
18629507
8073904
7111055
4088231
17775706
12964220
15452083
2529597
19906940
4933221
2929949
4534895
412633
740522
7964391
9980170
12460663
13631880
12328074
3132614
529006
8739150
17913618
3289128
15500018
2505429
13571565
6370674
11011430
8428884
11237240
18763262
19418187
17183630
13515636
6186612
7307781
19183532
18830775
15328370
8238588
6445648
12782470
14203393
8935905
16031659
11385899
18475644
9404581
10955667
17291275
3824041
2894849
15196589
12050033
11665643
13704804
1251204
19778527
7584603
2579359
3020287
6446667
13606731
1341255
1351549
10397864
14578544
13959975
1271150
7405787
5851488
3403843
16493011
14732956
8358564
13551313
18991907
4389015
7430775
15782225
6316528
3695347
18269831
18594246
12568885
5740940
2293735
11931351
11344578
6347151
11325352
12166967
11728021
3556790
7815936
13822928
14968865
7256010
17388492
15069812
2315998
13322484
408247
19766793
14288638
17238546
12096755
1804512
18456123
686827
1295946
19693052
10663185
966353
11148424
8738645
12088098
16395333
6195912
16539266
17483371
18113242
16555918
9487057
15779117
9332108
9585565
19820849
3548620
4140959
12455396
10132028
17082939
4019380
8494065
6819957
241032
18394339
6924610
798292
12622332
14664133
17472162
1082959
13060755
15702691
1829037
4818982
19617294
9024045
17249427
6384598
12378720
3961405
3064393
16913556
15779073
3149771
9969376
12287877
8404155
10072291
11945771
11097620
5616298
10762027
17045544
1014158
9475956
16851729
10535429
19141868
2353946
12640289
19442867
17593704
8342887
15728163
12916639
15224064
10912847
18424363
19809199
12484060
10217018
744587
8062410
16306382
9403904
8225877
17804583
18351866
300172
16732541
18609203
17988319
19269731
7194448
4704998
4949203
3679925
17818560
19673737
8355436
14797502
8772414
5379448
10423473
19887789
18379994
10792725
11024274
2258372
9564553
14531481
515910
12561610
15397367
663769
14492814
9767419
12298
1077564
2374660
8013017
8817685
18213437
6694083
44484
9943006
16325168
2826999
12791423
5842114
890539
3618293
1700041
9039545
16369900
3812688
9502668
746533
13745872
3653634
13318384
4444121
3176723
7031751
18361663
10136971
8854702
17456446
708656
11056265
13893152
10336750
9044795
13277302
5064042
937882
19649091
2557224
11621034
18002124
1575156
11064051
6422464
7753015
6261434
3979267
276479
10580545
1285261
8451948
15218216
8629251
6992380
13482456
4126499
4642348
13057731
148469
6155174
409467
5508523
15728980
244501
19569286
3137942
7057175
11248097
16929254
9719395
11092737
12623689
18920967
320124
11553209
16588869
3588102
17586362
15927370
10859308
8575064
11997192
18245
13759062
15574256
5797471
421474
10101996
15024220
17084848
10561561
7548352
16070806
13141040
3182149
10744998
15115811
11780503
17125036
2856603
3814616
1844794
3351805
10843378
15202717
15552057
14036508
17582958
14385882
2365304
17183670
8897973
11056624
7401434
19801573
7836100
4842596
2122260
5660735
15268641
8702925
2940136
8860165
3906526
509964
5675295
14524996
3984525
13392747
12460951
4669501
13190305
7789765
7409002
12585961
12582469
16170028
779873
363978
11583834
9866228
1204697
19437132
16803867
9151221
12172776
7953631
19940528
15769825
17082391
17374532
18666457
18382350
3490574
6565051
18282075
6021920
55066
1676757
2628009
13790498
11674748
868178
12826005
17831655
2737572
1897710
8867819
6281899
5847157
8488229
878823
16398831
8837530
18419775
12786870
3093483
4514855
14417599
2822216
1536848
9075573
12704086
16298643
11987166
18393803
16881943
102654
1425991
18194073
1607801
16351443
8930785
12339309
3554466
1484549
19519590
17525401
14201108
6513623
4630497
14880515
8695853
17152634
7582615
19242119
7795317
7936851
10287933
13190053
2365751
15179303
4917555
9434724
12169266
3469514
18307995
18538652
12646037
7546790
3989533
15833488
4623991
2822477
15958940
3778851
9898730
19580383
13818188
17607702
9439400
14933696
10476125
8714163
3889228
16876206
17499418
12679025
18990774
8945322
8889676
19464168
672005
13853761
1777331
9526055
956724
9694363
19547165
12482345
8403592
1406194
1558398
15814852
18171597
14510926
6533886
14207838
14842977
10483441
14320602
15305428
12019711
5426223
5601145
15986748
12954979
361692
461974
7533368
5399178
10654353
6490248
19427415
2381467
18782971
12514860
3869653
5254358
12384032
3355049
18199699
3832840
8469203
6273975
9349501
3320046
18572926
5814008
12220114
13249450
2357862
6249013
9807184
6789112
3017145
10166926
2460385
3185549
2783999
5522368
17419100
5899249
19621041
10317413
10397980
2778781
3709547
8752399
3261430
758193
1883179
1162344
13580036
16098696
295546
9641317
8369064
6519990
13455387
19023480
11654017
14628087
4198903
13727188
2425141
16687401
4866723
12961518
6370887
7245384
12827905
661900
5704833
919731
8546919
10299627
19942899
13656553
6461818
17119837
14253385
5147491
1243124
10634331
5160845
1738171
509401
4158644
6043499
12085491
10572747
12118236
6321230
8786219
2119664
5847497
15652424
14260314
14933046
14321892
295989
9387349
1577896
16240476
19583544
10442995
9623918
666809
7888944
13187350
14919757
18652010
19015466
9992872
19691886
1485047
16205840
9739487
8398462
3577680
398359
6800240
1368235
2563915
8223374
10685332
7818161
17868201
6970469
12906840
2868864
4844434
434682
14814574
7310134
4847470
8883924
5651385
8603138
14249479
17724779
3602998
445929
5147497
5473642
3495162
15194639
8064069
4749468
823378
7785135
4499939
11865225
2070008
14935266
16568960
12153383
18921136
15755587
38914
4121963
4583040
18334382
4039844
7384843
18710832
14052394
2482776
17919201
16029773
18659915
7856574
11683281
19659817
15601263
10601769
4560627
4472164
5686689
15667703
10346569
16375724
15274627
457059
13907466
2761042
3912787
15883863
15507093
9443931
9899938
9780291
9431388
3191842
9700215
9790384
10164173
14612715
4273141
4092832
10189013
4918408
4268088
53083
12912597
13555722
12584982
19712283
11300064
16443639
9518699
3627830
3892077
10622369
8158843
9325616
868791
18461587
19992792
6479309
5262223
4807587
7308407
10028092
2289590
8635634
10267841
19107306
9327784
12469389
8091395
12113681
9709595
16353045
9782391
8236853
1342050
8223833
8946175
9719257
4154418
8350722
3140508
8498042
12936902
10687886
16493247
17749508
2797014
15134725
4955669
8007306
16377026
9244897
17889781
16305870
3271511
17035004
18568281
17084352
6096757
3871820
18691861
3556460
13117650
12604449
4359317
17942956
18669139
3961435
4619357
8966724
3603413
8519511
7905357
4323922
9207404
9714573
2612880
12905416
8571843
4447176
11374260
9989867
6826588
15180262
6573564
17406657
11214690
658699
354262
10630971
6357228
9580622
484097
12278304
19243927
19108923
7790132
10443285
18457855
4885407
5013772
12853893
501397
10960573
9557447
3758710
8988750
4368089
9067227
18928757
18754931
17822149
8795058
4537734
14579755
8465912
14481429
10088918
3233748
7525609
12837504
9611474
11663950
6675420
6820441
12543208
3378228
8263136
12839899
10927103
18713682
6823212
2835165
6053329
1039698
15865883
3563109
6733064
533606
2134710
5205867
18338826
19253232
1948329
7640577
14556062
15894174
1311611
6928684
5446554
1855485
2416743
8615924
16818643
5573804
10880546
15294555
18179315
420177
5220867
8891508
10872536
1608072
149048
14911868
5762609
5630845
6648153
1105274
1286248
18630009
19878382
5049921
18475084
459572
2695769
5587254
3818208
9390277
999452
11123793
4491087
2220048
10386468
3341379
14194659
15569169
1884084
16798458
2029994
14016688
12105527
1605352
7974615
2983145
6753271
4731084
16750135
12350806
16251317
657299
18197732
15447033
19488075
7402367
14191021
6722061
19804689
10732535
17016452
5229782
17877285
2392108
2850877
11013728
11249432
9663965
15654903
7889214
14630200
3874784
11702390
17851727
9731317
16030962
2649437
435413
10199322
7843599
5957695
8871769
6849015
3445055
10490075
4717870
4695397
19077887
49167
17148460
3280048
14731641
15840011
1890352
9458772
19519899
19797371
9046160
4623376
8602171
4505315
10476652
5620102
10425782
1141864
4408628
17904887
11971077
6527566
16127035
12192183
13589461
15853644
16717480
18809888
18831723
17437132
1330028
535502
1525892
7419828
2002130
2877015
18232897
1264169
8661239
17736532
6751428
8995511
14409903
18704314
13228179
12207643
12342915
8152408
16438635
17227762
19678941
7749950
18093011
9612158
15528113
6867151
13083918
2707781
13365511
14980050
14989027
1540748
12486791
15157362
10286744
1548361
22273
19221527
4795180
3986065
1847707
13627309
16461417
7559302
6649549
8051452
10799945
9554679
10807432
9468679
1200602
5000220
16837769
14672569
14013749
12661945
18763246
265370
10337605
5832487
19688117
5947911
5932259
13798798
5296280
19167223
17181861
5290719
9020498
14562621
8583826
18685472
2428620
6055497
16872620
957685
2586178
6994892
10953447
1271740
5704349
11638610
16927761
11094679
4736778
9527421
6321147
14010385
16715835
10349602
7702600
5691051
16473995
17896610
16208693
17301101
17334935
1875477
14920689
19906722
2975064
8402456
746019
11130667
2791739
12814139
13482301
11442259
954033
5123988
10746057
10820006
16261416
16999475
6887805
18858795
4196614
19672159
15412693
5829985
4348962
12359198
4825996
7488048
10067997
18257975
14812250
12755858
7366197
2619640
1447113
9023557
16012441
1247912
13129336
14704556
13878884
2882444
6611386
3425379
11653865
5658781
11570623
10396659
16380313
3551262
11704638
12954530
11863951
16222934
19228183
3860502
9366419
19769805
19715636
19180204
18358161
13300283
1679321
6321489
2154072
14433131
3500452
4596551
19550128
8501036
1921944
9173713
17103027
5809645
5157082
12709072
18849566
16932121
4167120
5997920
10155100
13884444
2230052
12359495
12189114
8613556
18819239
11845913
16378686
18464765
13630318
4833756
19575582
1011863
4041405
12276134
9496782
11271788
19340994
18950279
18366235
19059009
7425960
19692777
4410864
3989288
12459830
12215493
17924584
13405857
13674798
19231776
8861724
870767
655517
19211401
1884058
2512875
4714879
11703375
2833265
6351677
1864871
15288632
1618968
9242578
2262974
17017540
19797215
6594027
3066198
6894118
19042096
16365429
8942728
2351980
18825717
15925374
2610221
2032402
14214656
6107008
16182387
2378361
12462141
10215857
864834
2869275
11700052
12428148
16816848
6525473
13807426
4842444
6658231
14518341
10832037
9764525
6936673
846603
10451132
14865171
18891252
8985393
15883295
5304514
8731876
3288361
3172534
17420793
16907543
5673078
12968037
10619799
6396647
19322493
19298529
13996164
1788174
14008686
17397155
17050135
998779
12329490
17747772
5674300
7779078
14236637
9118494
2884314
14977390
14307244
5507852
18248788
14070667
11091308
15475602
7938647
2852998
14615783
16679978
8481280
5097342
1566072
9911597
19193787
1051374
2887015
3474339
9336831
3391590
9774285
5985747
12454015
2930504
9407277
4532791
7647144
13194619
13901404
3281612
4234798
15624226
16822542
11691440
14971362
15117863
8274609
6947733
16142130
3043025
16841927
9579613
5849831
6188306
2247275
5462566
6244148
6231789
6991906
19081093
9356455
14157228
16691493
9666080
12316905
16568263
12472114
14623792
13057274
13494937
2680045
6974147
4539229
8040925
16956903
2700865
409813
19750976
1318542
13029485
5359763
4930218
16139080
15253368
7762818
2856707
2931
11504081
14320553
18924283
19903382
7599000
3696059
4453891
15679712
17616218
17436271
3054060
4772720
11630644
8269742
8540636
12868259
16089833
1994484
7725375
7841590
19321796
11693343
7298730
1390757
15162724
10094798
2899403
11381290
11188648
4133755
8268151
19452964
12669750
14839325
12221208
6910676
9164925
15359602
11158001
952507
5597509
1784384
11961198
17439536
11285035
6342636
17861349
16162163
3943446
8340093
5293331
57183
5385767
7422159
19298131
15290471
9306933
19586490
7808455
3208717
1167812
8684057
16455438
9519003
1508186
9519163
13355147
17557926
19941261
10564081
6704834
4113478
12846690
901656
4487258
12328774
12028608
502595
19616116
13212254
8536131
4332323
12289941
7230052
15590328
9624247
9158493
19445852
154497
2336314
17986244
6941455
17650436
4115944
12817403
17299826
13505188
730756
14517382
787998
19150939
5311904
519743
16947783
16760059
19766380
16659981
376759
17095754
17608237
8365444
12392036
2341335
6716965
2895032
932677
11571569
18206164
7775509
8611476
13239455
14070995
3327811
5277390
2622685
806134
11605244
13384013
10830093
19485483
19170151
5111690
6103816
18592039
1072068
17380794
4626721
11098545
8659105
5045311
13577537
15049085
18375673
12629309
15358500
15063129
6271076
6871052
15994476
2682624
8869895
1340472
14348449
3474263
4425518
2808340
906069
13143872
2814658
19315012
10679055
6339600
7817355
18567747
16104453
17945721
8643096
2528608
2474438
8948332
10559377
7438527
4453656
16183050
4567667
8164675
2342755
3617818
5589562
8375604
1901213
16415835
2636643
10146619
7966954
13330885
13796007
9043833
4609821
2478135
14524975
12735002
222184
4238924
10202062
602365
16727136
10984471
6781112
2643011
19959146
18051186
2766207
10242766
207960
2342924
16535094
14115024
8597401
14320731
11315719
16161157
2515919
1821094
1370481
648802
17137975
1235161
2008732
3369648
16822555
9001529
5103959
18185992
17001859
8667294
3610605
9512313
7721940
10574709
942009
1995873
18549217
9653401
19521580
19316781
4121483
11279689
4487385
1496865
7304523
9274019
12016290
6655209
1717088
18235016
11538931
15987781
734984
15980499
5103614
2644111
6476459
12561932
9327681
9941470
11554044
17266294
18959515
17926555
1997878
7630462
2070436
7293516
14740869
13686056
14654640
16645507
8095082
8758044
9507728
1940491
11966258
7702130
17699893
16060058
13426231
13619383
12733394
1635104
19220604
19568266
16588446
4927741
15733569
19423125
6698387
4734637
17760161
16902929
10229756
4580204
475567
3007179
4842470
10632631
9974036
19628210
818777
10529898
8980855
7737450
2585610
2658686
15533980
18744921
15586502
1969355
7060560
5856118
19538163
5800280
12352771
3243981
18316977
12000147
5004038
2412544
14567255
2409489
1930915
1111302
14868377
16286155
761462
18345297
88765
19629517
2453584
12497259
14227270
9490518
18881472
16613508
7692601
5910221
2684503
19976732
2354217
8903492
1176402
9547799
487945
15562678
19883942
17883919
2582450
2456415
6475764
14144233
2350893
13908988
12180841
5095219
2526258
1423801
759246
15641981
7856621
3027726
214493
17951160
6989457
5491242
10361578
2182404
19631093
15979087
6747525
17303454
17837235
4290826
3819197
2729245
1138959
1122412
11537481
10247008
924273
566644
18601792
4200580
11855114
8949619
19562049
5225791
8454318
12092267
3576801
19024519
8031541
3519054
14716490
8867727
19692486
17726212
3871342
19822192
15780917
10863177
4619094
5261091
8243736
5783948
16196604
15470919
15065644
18898808
4432156
13138117
8111074
6577980
9120930
12768018
14940795
2640278
1005106
18345919
14743572
8917302
9094374
2266688
9397620
11432085
19604708
2812549
5373218
12004604
4941373
11303223
18256992
4901227
16493221
14322106
18765289
18792652
14039283
749477
12533266
14725126
5280993
12004076
16589866
18138158
63013
18877510
18681450
9383488
835610
5114885
3387075
9605022
396051
15925459
3591231
13198642
18323014
14837714
8669123
16281918
7530737
3982739
12292883
10458153
6324816
12974968
5438014
12765742
2895653
5963979
12692722
19419732
7669697
9197380
14693627
18650805
11573029
6459963
9958706
16148206
17176803
6084301
919294
19414697
19630253
15015464
17795705
18246143
14724115
5865282
10344616
19383645
8401456
11312118
12927692
16225869
16523011
11534819
8441846
1835263
3205079
4613161
17279025
1100058
10975463
4951902
10781470
6168056
13248982
184373
10639335
2390497
5466952
6835358
9051239
7017205
17379897
15195835
5223215
4394001
488280
3911784
10439570
2360130
2821893
13122851
6744265
4537774
10814385
2610454
7132701
16771674
5754692
7122047
19737479
16862927
11590279
10828876
16699225
17794243
19050206
10425101
18252933
6241838
18656815
6423696
7011816
6925060
7814001
11737649
11398547
16766835
6065701
5737262
17769300
5412732
1824180
14699130
13867461
4717125
9809111
8143897
695417
18472074
13172582
6053275
2428114
17012926
183294
7773315
3559726
13579510
6943082
3931295
17065855
3891017
3730479
15253233
2271063
10473549
595653
3633907
19164899
8060771
16761729
15932755
9158922
366211
1057630
15331306
18258160
9005194
18573250
5407794
2317281
1148517
5569805
5197208
4079908
9304465
14692535
10864471
4080143
13144521
16878129
1254089
13097998
2362995
8599246
10715115
15572897
4484203
13993175
3983534
18399231
10601115
1091328
12721469
16404650
17909341
8392448
16173131
17669572
5449779
2879224
6633810
15428590
497672
15756604
12411184
19513617
12125535
12899227
4834848
16916794
1547508
14794011
3798356
10511742
8280563
6943551
17311255
19051002
18454188
11879843
7493512
3159582
19547972
5700760
9437946
2036903
15635496
11087565
784099
17207580
9845546
12813273
2426600
3528311
19180041
19702939
19814483
7181498
9199461
8284230
173568
11099639
10956831
1093301
7848161
11808564
1291860
3976110
7552205
6815366
190383
1588432
16131143
18906410
12218343
12062288
9886343
4696064
10557201
16990526
15479397
7814315
19022901
3239906
1202837
7352124
6338588
11548154
19752128
88600
15547969
4252313
7342253
3500023
18539983
14975134
12894522
17540563
13956451
18564042
10398816
17089346
8122711
398263
2774233
1559065
15071375
5661360
12725245
17872642
8832338
13951304
1083970
5846100
17548758
4987509
9892083
1675757
8462013
16335436
8782279
3704153
19562771
11585778
14209215
1211719
11798695
13075360
1935430
16730087
14870387
15108059
8655832
14312924
10623395
17583489
8740630
4246897
9834470
6462058
18547310
16357481
7074190
5051016
29772
8222437
17035540
3977453
17001556
16503276
9850177
14201268
6577271
1792375
1378499
11835518
4005471
6096428
4819694
10948048
12537332
11925712
11173368
2844269
5381563
3074566
4924422
4522057
16451099
10446150
40330
11429827
1648282
3765454
17946432
8331168
16594969
16196959
15959794
8795947
6601243
10463691
12713979
14180425
210311
19190157
1693621
822193
15640858
5706186
16035654
15683731
6610384
6885343
4945676
19290320
4057425
13014209
9035414
17396154
17882811
3111686
9946698
8065474
11193445
16474551
15365703
6290558
9353856
14950263
11166878
2988939
12025366
15418994
15187666
19820493
1871652
2963682
8339796
14247464
11420979
12370365
14845085
2835325
13213756
15634604
9883031
5958043
19319845
14840586
3817324
6891818
6997660
6777479
15706147
8514602
3029649
13539657
6534450
8937449
5551239
7049938
15908176
1356693
1803440
11081948
8774202
12855877
10162466
16987489
3401338
7421890
14536494
10150327
7878486
4651780
16372726
2668553
7379219
17925569
16826603
7573293
283048
12093467
8577776
3040038
19049199
1537774
14930360
1173793
10379679
7002640
4692369
19453624
2565493
2111410
8103581
6334432
11843321
335709
15850502
4374968
10806192
10833432
9285741
3751058
7578
3082839
685554
15342416
2280774
16684853
7081511
11755549
13833592
18991110
1763554
16210766
14475157
15268164
3169703
16739252
9945867
13413813
9643293
3399048
9903736
8773356
6589227
5647723
12818160
16688884
9597733
7860071
5130494
9223746
1438853
4579144
10836487
674944
835739
16067444
18945448
18237083
8800583
10747897
15091097
17877001
7970508
19177973
14160511
15493645
9454914
4018060
16526578
9713160
18364714
12272193
16642939
4648306
5876453
7661368
13271392
10068511
18172729
1693429
2216804
3275428
18217343
4031443
1505947
9519199
12756679
16850822
8462439
3090658
12292894
9344058
7502635
3270213
5972210
201708
2583080
9189642
6812335
8692546
3071837
2132292
15654598
14953949
7239567
16428491
7384554
8320485
7818924
12496258
19020898
19394844
4058032
13570586
4756583
15998924
14912672
553409
12310832
16701771
2368809
9759213
11619809
1238297
7597811
3611945
7026821
13295176
15785389
7757598
7834024
5773635
10141486
19232246
17155206
1912598
974301
4697015
4598130
9703602
1924822
11625586
13914610
19846758
18567519
18801496
15549630
12231549
748717
3122223
10355821
15295993
5607891
19441669
7068821
16524058
19909815
15999598
12213356
1130500
7178189
1744409
8301323
12055439
8980946
19313456
16678301
618079
7906344
4231339
18074879
4015299
11675061
3104651
8406301
12440443
10796488
5863135
10811000
1477537
14048602
15966844
16430363
606491
11800123
16076708
5767988
10685987
17643938
9213685
12364976
2392206
5194672
6775514
16740213
6647252
16699041
11588241
12239166
13480522
7778707
17037369
6050866
3477663
11443372
6241223
17433234
10144086
6242972
2073603
18773126
19416942
15004957
12122395
15950478
14597317
16843011
2445301
8911310
7515151
9285621
1142903
6991095
16306214
12688231
3046751
8707061
5265131
9841319
4469829
16584983
14431020
4092161
9910454
19177248
8597259
15500438
17484660
11464000
8127862
15919056
12069994
17307209
17334652
18523212
11917871
19898372
12176000
1986133
3530515
7886668
2326038
4819060
1926143
13543764
10113223
12246459
19927642
1950299
12315297
7865151
15074818
17209497
17977356
7052730
9520777
6694399
19231276
6800384
19916849
4478321
6826046
4801835
15955450
5962957
3109151
19419048
14653394
18668457
16548971
19451734
19663051
9995564
15963742
4538832
14957313
6631463
13683652
4364914
17590505
19343379
14704359
19794676
13520066
1990052
568576
18521320
12386607
9346291
2001215
9702689
16214493
3953914
17309435
5583668
14643843
14458122
16095719
1442850
7685585
14872477
16286450
2433345
13125876
12680827
11013286
11438111
18018021
5535604
8701117
12540617
2324145
278708
11084655
12849308
18565411
2906840
8736981
14843734
8845809
15171951
10926798
18071962
15591043
14081877
12570218
5333684
6659485
10036575
8952142
18302295
5966040
16795125
14170407
19344049
7489770
5719058
3450486
16427485
17165860
15473414
16937242
6573609
2245035
18605435
11867889
13870991
6652509
15479517
3578683
5318834
17159602
19949230
13249221
37310
4667257
2596736
4802810
13103167
14279055
4941523
15935524
16816745
11290685
19943595
497930
4137092
13096884
11464379
3099829
18636617
14733392
12231517
2558096
17299684
12922994
4554221
3188231
10151823
10207840
14061258
4049928
15079772
19526917
4554303
1303048
1462477
4201014
10125851
2231848
1319520
18780609
16577295
17647023
18425400
10926995
9468205
12219883
18966504
10377648
13497814
17312431
10841836
4355835
12953655
7014088
7125462
19085565
16923359
736987
7240221
3594681
11804869
5982538
15783792
19029870
10947210
11893510
8545821
5709589
15590089
5645239
14528695
7423379
13983098
15634714
18527231
18663555
2560257
10451978
978882
11733962
3229815
13414347
19067818
862748
271107
8049825
5496546
8328698
10785175
7561081
4869639
1750131
1596351
10206166
4733566
4479437
2198619
1794987
19308480
5714950
454560
11249762
6104074
9598659
11315770
14701112
13761611
11457417
13490884
12466542
371282
174435
8194435
8160640
462853
2347446
16725533
14991468
3983826
3726337
17743790
14497644
2727569
14292489
7144501
6660555
17424566
15477795
15666999
19912588
11391534
4425063
5275202
7843972
17782305
3370992
14502578
7381216
19807970
10859829
12568043
19860391
11956005
75357
4935582
19593230
15522498
1860794
18163505
3060598
19226295
10271570
404413
2814331
7911263
6846457
17478920
13221055
2410355
6985044
5023107
11266699
6967661
18671196
14680248
14274876
14465122
18670
16615256
14846799
4490020
16234739
15827476
17339857
7993706
13260690
15963947
14665766
6098174
6000960
3117230
14198887
10560199
8107945
1158147
235060
1083849
16369354
9039292
3499600
14094469
3194749
16538762
1919185
18067702
19916823
6027161
1387721
157577
13761823
9340719
13849072
7344169
8257243
10335940
14624052
6542887
11858661
8523322
4907318
8792082
2235718
5563027
13320447
15475309
13267376
9892319
1644072
10978597
17425396
16493768
6853238
7312828
12017031
10139652
8545884
12662039
13387805
13858583
6577520
18004375
9978907
11986009
8898936
5449192
17651647
4175709
12356598
17923421
130767
1568607
6877831
19350887
7567041
1718259
12266434
6867731
16517509
8199491
12067448
7585713
9720146
5191035
14533403
2752324
15340090
7584124
10504476
16934479
4292704
3415182
11119890
15184704
6284770
19688770
9098332
252230
7344538
9781972
19600927
16227229
4926831
98525
14361883
6265652
14215737
5564054
6923782
1590787
19192803
4553887
18048816
11654329
16158764
3088606
11890934
5546598
11730374
19849780
2640299
6057093
18614770
11164775
18094655
16290485
5656908
152997
8760483
4292224
13518608
16218888
682296
1604321
19411075
4133711
4580071
3459069
13653087
11005103
7630746
16074262
2200635
19965755
14609680
3829689
4670247
4826124
17780667
19967018
12233110
6756749
17546018
8756484
5679479
6993507
9963429
5191125
17325369
15893867
4125734
1745983
1692906
3960405
11846470
16609927
16908082
1874162
11961228
10726971
18460041
837197
14386847
3950610
19432866
9682131
5866164
19099394
17054533
1388485
2473112
17683106
562331
3808968
12474467
15830290
6989882
16925305
19722941
18042048
3481157
17594236
5720929
5343133
6105771
7013658
904382
11118553
14395365
14378112
17153844
16921831
954977
14321215
13904005
4732964
11482753
938192
11247981
1186194
19479641
3909426
14130207
17106945
14883631
7040722
3496194
1238701
6115384
4462828
10732966
2248209
12967592
9708528
10068365
17060121
3472685
66673
16673307
6804791
16305730
2764123
10335973
2467906
1120331
288493
10968866
2687955
12737170
15373807
13114545
15443786
11522502
18240863
3247242
3121373
5719137
5492624
15938884
11318718
4442114
19342919
8989126
2170816
7777745
4836027
3805065
18856518
19821347
11794376
2822816
3240445
13318368
18433006
3298127
15331598
18092984
3098881
905933
19773768
10996256
18454303
3802677
17322260
9138900
9298788
14449236
2470293
11000345
14332466
19848859
19179063
16201830
19828875
13052008
10044782
18065483
8862865
12233398
9930724
322885
6777668
15228924
13027790
8895326
18535666
5290090
2168335
3077097
14701218
1863187
7860580
2894890
5269362
16713317
15138943
1622202
13081672
8037856
8656042
268429
758835
19729688
5536437
5321516
18645333
12761346
16989481
17867659
10829561
14075227
11227992
15880362
8240626
15975381
3682925
5453242
18240606
7791181
15841089
15704509
6913508
4411770
13213747
14874695
13013931
4537384
5638669
16040431
2225962
1226881
5497254
17965834
4780744
14687269
5676344
9208844
13956650
19766418
19214990
9081651
14254906
12857488
14637877
15115367
2059337
7599179
6611842
19179614
5435829
2639285
10532157
8871961
11403557
13768195
13175830
1294246
8914302
8990356
9872758
13520227
4345235
9810783
7029699
10895839
7384853
1322921
14695948
1481327
11677041
10229756
10365175
2566225
11546946
6023291
16546511
4294952
12317731
5551097
11679816
19534252
6972237
14434807
14962443
17002163
7357519
5495691
19208699
9455587
4319587
12451588
3852542
9787530
13150258
15090679
15348641
16813250
12297746
12170160
15752625
8582977
9023391
11756354
8130626
2912903
5602040
3995244
12422535
9365145
15436646
9658549
9949795
6228650
14444078
12800451
14297847
5840051
2680576
18301090
19176580
10989266
2743199
9812868
19318065
8123009
1424772
3202433
12051027
14312599
13113414
10960295
10342675
7088120
4313491
1359384
19138272
4496744
7676328
7290102
4665057
19489113
4514443
8147256
17797879
17064566
17884788
17983134
19442914
1587301
129925
14727222
19456073
9873118
17355995
10679024
16498996
14801709
11773263
3664297
17862184
2892373
3408649
10362122
1737298
3022023
14591773
15396065
13933908
14512230
15346090
17395727
17690857
10390843
152231
3880551
880511
18930464
19788950
3929785
16304056
16518879
19885375
4255239
18400357
13760110
11211082
15373086
11149903
6550419
14163065
5959449
14213977
4532131
6428429
1228066
19837584
11937594
4554380
2577393
1838585
4604187
6981868
18467850
9551988
3646599
2502017
10063313
19887222
16626413
18351563
12307623
252796
3509703
18442858
6439772
19180979
4209788
19485727
6415865
16693029
19575383
3080078
7253109
14573633
17903699
775935
19299185
19432048
8664262
16984700
9283360
11116442
1204329
16830209
2891521
19455268
5073169
45190
18714845
10873512
15002296
4275936
11564849
3886197
13856103
6751926
1673789
8091328
1211517
1376060
16080040
13751173
10031784
11239564
17668493
2243145
18164572
19201831
11406216
11061264
18381490
6373668
15959552
18037602
19619724
1870908
17878440
201783
14562250
5147337
2727198
18187295
13907
9288317
14114402
19132378
3539515
14745122
11951329
12745797
1190124
19148496
7850714
4995697
11361668
5953521
2607165
16200914
17265050
9325183
18120953
12077544
2934427
14297922
11365273
8554704
9271459
19141761
5341271
2188821
8586309
2077963
13020584
6844633
6577256
17037145
11022663
2267915
2629581
2660103
13572086
16725468
12383475
4447714
11239999
8654758
16312204
5926500
6327283
12214453
19311877
12294164
17226840
11966961
8074640
15145534
3283739
2816790
19444257
7612000
4417363
17829924
9269237
15734965
8725887
17115150
7851124
10469937
17411750
12776712
2347955
12884454
15399158
15533031
7301886
14271692
9102184
14739378
1303783
12224182
4784481
3014831
11449946
1305492
2129485
19690523
2540952
6793648
5974391
1043091
19548407
18361423
7065767
10755083
6968740
2573467
10157848
4507715
12139791
9565694
1224685
13058317
11112223
5773770
9851010
14948267
16552347
5347336
10669022
6936215
18083766
18881128
18843662
16742655
14050228
12012191
7245558
13217634
3427945
10762180
14738122
1318381
13395205
2049054
19414287
18184286
5738437
11522199
1403321
14308204
15196123
13285853
19884730
6230847
9018973
14840849
10122019
11468925
10117933
2625280
11879189
18756487
10627934
9294783
11965235
10919534
12920089
14613048
2710628
15347795
56199
9391143
9950403
6472491
12965706
9394917
9407427
18101639
18621545
6787163
12641020
18577081
13973439
16878008
10722849
11270759
3261925
4380337
3735984
9904097
5348826
18138881
3730295
5088318
18987063
4582110
4889561
15773749
16287084
430987
19184571
6912167
1256332
19673041
17275626
17703765
19634461
955147
12775169
14835912
8083503
9314512
12711817
1712088
12741965
1931065
2473228
13337865
12305540
3954328
9529354
4643294
13656971
9384533
9692010
4989741
11139748
6727019
8547785
9116155
15875808
1826371
3384043
8325468
16376424
17733148
9719796
848507
11204977
7329162
11431918
573882
6846330
4317308
15975318
19789739
6310902
9756607
14297343
698030
19484414
9939791
15768647
12235608
19749881
7067265
10059375
14548174
18570753
377926
3595314
3060095
16498068
14332986
1151987
1479849
19754263
6506397
7798437
6247314
369779
957886
13477435
6454806
10927515
19897425
17623791
13168219
4469119
1761452
6075296
17194447
12043794
2574655
15535571
3104011
2484249
9061612
19544301
18395198
8685597
120374
2739971
2725425
16461472
2318012
7993456
4510867
1917492
697842
3081653
17955394
15532070
1849371
5442931
2668328
16067590
581497
528899
4527138
18963977
13039640
10975118
3425770
18939115
16159114
15820156
10056363
11927777
1266522
3830657
17634228
747821
16959524
10839645
9070351
5634929
19560290
13854727
13704512
2145681
12653704
19318809
5869739
4077230
3263480
6056639
3088274
7684644
18929176
9286838
15295455
15485090
5830804
13768556
16558656
3395140
9666011
11501410
4622284
12144374
14296960
6957687
737017
1222332
6756418
1233115
11206662
6763189
14084785
9520088
9972343
10628861
19945340
18095701
2545994
10075142
18546460
10530111
13125661
14648085
17967727
4492516
15176326
13513642
11888911
10836943
5273538
15250800
7541242
12207507
13766810
10517136
14700611
3399270
7924069
19662380
11245465
14502552
7844636
7574504
689630
15867115
5363846
16423742
6966034
4941131
4887386
16166863
7101416
12505870
12486753
16804851
15697251
17777001
5499160
7892367
10726943
15316658
3587371
115592
221078
5463422
11617708
18147616
15622026
15133846
15846075
6570844
9965808
18912241
15428497
6269846
19557001
3276742
14940246
14845232
3479100
5330748
10343730
13035390
12797343
9852263
13187322
19989156
4254440
5916425
2265927
6174806
18218512
7650139
11921283
4286328
8139000
6711603
2604828
14853114
16413995
4910833
11698551
3602559
18683890
18438871
11690870
16131335
1099404
13894924
808760
13131643
9495640
14718829
16719017
4992952
793280
7510860
1781081
12289069
6582701
1465539
3263432
15952587
5794470
14803314
7336716
1031277
4863437
3306094
2444841
4508541
1787377
13248615
6606001
15173326
3040073
10039172
12472500
8829185
7331128
15667389
6265811
14131671
7774908
4905138
15053903
5084812
8564365
14261856
4393333
8635843
6613495
10724153
16396574
9171581
14924450
10521617
17276190
7878788
8751712
13809311
14792421
2404114
11727073
13803235
1167466
5932060
5486212
8768524
12383427
15999086
6097225
4102447
2414651
3037703
5668111
16542817
12271182
571205
355564
16806816
18124841
1866475
10853078
11182554
8779532
14902546
5825199
12041516
7256604
2246788
2843306
18940356
14323472
12602734
911257
6688295
15307535
5724605
19191881
10643852
15229144
6493204
9833101
16720682
12052085
14872683
9288715
13508333
8792665
17849402
15837449
19819677
10771651
18235932
8671264
12186440
12357399
1467542
11206254
721750
8758017
10717970
1209436
10714844
10445788
4314633
14517956
5766299
10422403
6741467
17974700
16510057
129749
18964068
11142936
10600436
5709003
8326965
15987728
11930475
10094788
12559871
2942651
2100781
4328710
16201213
11011588
769035
14380415
8263833
18298732
155841
11839039
8447626
7956998
17525528
2454546
7529510
1747716
11489453
10603930
1316393
10730948
14192316
6670538
19120325
9147906
11015792
13823772
17194111
13222299
4903971
6527477
19556285
3596736
12888855
16280543
19998635
575539
19944901
3964156
14177750
9672934
19023658
2189249
10495318
19139983
4234401
13717296
13432484
7483703
9441340
1113328
12501834
6844396
4894392
11451192
1908323
1997845
11800778
14102863
6852264
12194622
1610539
3787853
92823
18109140
10800733
13246332
13576373
8465428
6925490
10619530
5463031
699294
3592695
11087144
7972370
1762867
10486436
6614474
11529142
13128472
7117395
10357050
4541434
8047162
13045711
19117356
7944113
11726200
6155794
7549050
307380
4191449
5715033
11650688
2754626
15128071
3151803
14336725
4840167
10162423
18213344
15436255
14626810
13197136
9466682
10214193
6075099
4696169
3834739
5645153
10957666
3487051
1150126
3050055
3951099
15073144
1687193
11145349
3313184
215519
16616924
17538393
12910387
4542450
15569899
5817333
1711807
17753114
14631151
11893031
12896949
6932267
18892858
15245730
18666232
7726278
8564660
7243025
6716176
3290126
11022558
478981
9187674
6644917
5001362
7036282
14285966
11737327
14285586
16997554
1260928
5779501
16238937
10049709
3552610
3986441
6470326
8914562
10690164
10796591
12635184
18575200
15010175
1683247
11804151
7933376
3167072
11361515
12745526
15094368
5683620
12752895
17576739
9033729
15885171
9748472
2286895
2561964
7097852
11894065
16708704
5404421
10859721
10482282
17626811
5876092
14247067
19658695
4490609
3250245
7090342
13727126
7712088
15467376
5434353
6191586
7270999
16430344
16908315
8828218
16274307
13908454
5377701
9251578
9071739
12910447
19410970
3638113
12515133
13038890
18584268
18848544
3103818
15882842
5557981
13335793
13009122
605637
4577038
8031040
14809776
3606822
6447690
483266
14805919
18964396
19013243
12398877
15500714
4671583
14376108
15383811
19795815
582898
11731877
7179214
2539133
5946781
5549275
11208253
15679336
18845093
19216064
15222859
6962081
15738556
8349890
15994502
4724018
484924
13301939
3329694
19072649
18032236
19078081
7354653
8409531
2270760
13944420
5541213
13599961
8754387
2736544
14947529
10911371
14384826
11178674
10046241
8329223
18370174
271286
2751066
3280792
13320624
13220420
11560102
3118049
12387324
7050078
19873024
18093804
6815055
9858901
12735196
5420769
14884519
1927043
11816492
9364162
7866094
8411418
12983420
8684225
1995618
16343138
17620058
9794875
2159451
7492122
19694133
3937203
6864671
13381373
8129972
2242185
10929283
2887299
16675028
14911658
11344765
6016177
11698554
6866152
6965565
1091715
3541241
10452732
17524589
11330767
18752850
4862334
4030590
1820169
12646361
11897001
15926333
6223207
8072612
9693087
1036871
17065057
3810564
3961005
14599045
9121690
11670068
620697
6497172
951350
5901968
7234021
1962271
2321603
14786977
5706127
3070504
555519
19033058
16255819
9373016
7703425
2762764
5157910
12008601
8741869
531549
19154118
6852692
1121101
8978172
13378192
17047495
15591483
15677116
11100386
7485781
13808010
17593010
18247223
2351453
9875783
17450940
12029771
8136827
14524312
18027788
16714356
16351886
9463031
9047622
8741963
14312332
14410249
14003300
10379122
2503471
5090260
16910036
9572509
17284733
11937095
17199700
12422476
12507969
5534644
17867223
5944162
10820763
283420
445335
19638142
13775459
1603700
4413403
4715053
12567490
7012313
6218595
8067302
2467099
5123726
5087883
1168285
11822527
7281172
18857825
19709519
674968
2258953
2790395
11593119
44544
13598642
17034151
14689051
15283162
14215840
8456262
17423237
9509994
7360021
11541941
14372097
11594703
8447003
8067031
14938903
18496667
5304142
16467191
18051585
3060851
17877960
5523741
4535573
7345188
19743677
19826953
4981186
15183805
8501440
7103742
9879564
504138
9431779
3551489
13845988
15657495
18330500
2363479
4590099
8088715
14166305
14246001
17989898
11738411
2194781
12949575
624478
8739184
3628584
17035179
17501073
3460074
2431826
2277543
9466272
16065211
2056541
7508847
2545458
17709787
16344340
16153973
1762391
2007216
15569195
17243393
3049209
18125606
16147601
17864364
18895727
16893144
7387786
14821350
17093556
1867832
12361215
11445471
16248948
8300562
14860728
14660356
17213958
832709
6656421
16634553
14436591
7754037
14883686
9792436
11265128
9191173
1520249
12513579
6431508
17441348
16733266
15271313
10350035
2768437
19705107
5755258
12354799
19551231
5265173
7812329
1599326
9179299
1348303
12012470
13761581
12348696
6382715
6204977
19450743
18602061
18531389
1833300
7176996
16004160
14173028
5913393
16772401
3634783
8399895
17330407
2162669
4428757
4118566
9064712
18951528
18672392
5091874
898124
870514
11907627
821893
11272619
1622546
7927518
7519672
15419272
2615317
19618590
12706835
4296170
4976682
8804976
6799136
12026485
8736647
3500149
14258241
14857502
427934
17519509
5176431
6641802
8216735
4029280
2298736
14019126
6870398
12266542
15455417
3426364
19461924
6963466
2331818
6641642
15952091
16882734
1765712
12203813
8769474
6037657
18507480
19793942
4448490
11338339
10490085
10240864
6837993
13716703
12859043
10589286
3396138
6104431
12374770
5960218
3757759
9943023
17480785
12842524
17049534
3846716
14215007
14444085
5309978
4311487
3899574
15890822
16627842
2127307
13318799
8619229
6392933
8106066
13817127
13433356
16325343
937376
14848773
14474362
17657217
16650734
2648445
17639456
11415961
15660299
18831960
17529237
2479582
19719020
16980548
7612619
19957392
5331449
13509137
11189282
15015222
389365
1805556
13737244
15020214
14588260
6615512
4758531
4579698
11246259
9866262
19678120
17082630
14797026
3051117
17034534
8526503
1789235
11053838
15855821
721151
18375121
15178206
1959298
18204658
5907632
2457115
17287745
9988329
17405423
18545361
14316506
12279656
12326207
15447755
481674
11138368
3124879
3114839
19849868
17385831
9520620
4684899
12197491
4209039
7014053
18763327
8402234
8612505
19694102
1218521
4899993
371359
17205398
6179881
6546795
3468132
3565805
14360693
10900100
11473358
7204428
1801959
16514713
104941
9383008
15113956
18208121
4704286
5675806
8772722
697613
16334762
7072788
10365963
6066463
15546185
16067016
6142871
2737525
2283245
16106820
13373462
2813669
5852978
13371528
17828002
15183983
1809055
10419145
4236107
5805846
2806704
3437942
13103853
9288277
9764294
19908273
2495713
10435670
19799193
17832538
18209381
12151517
5926536
1321762
8350732
6680603
11203911
4151137
19922831
3707246
4521593
16253885
2496992
10988356
10786169
9607406
19509164
18239121
17454588
13791954
16924122
17686131
18169648
8020841
18088048
14227472
11476752
317158
8085037
1601012
15145396
8425502
13660536
14339045
3941179
10813704
2833460
9965192
540794
3707050
13444821
4961183
12717267
15347169
4319680
10584176
13553294
4498946
1280977
315414
2850043
19098651
2989057
13610045
14615089
18431184
4066215
12435918
17388717
5153049
11472573
4061405
2126306
18681772
11962890
5536423
18754431
1630490
16845464
16114958
10267995
18758801
11822380
1735853
2246359
11129668
1237640
9830717
11354234
12234398
2869029
13154602
3533060
3250508
1700903
16568815
13900914
10980330
11863588
6982920
8901417
15376492
2865092
10751337
13711372
2239758
5039446
6813931
13331049
2576726
13081613
9922498
12689135
13696679
12634973
14756385
7441537
9591799
11524557
12058115
11154280
9334332
1818666
5586637
18695415
19464744
15535439
7237505
17282026
13112
2146855
12787400
795370
16230963
133139
2041959
4396812
14461051
14182897
6543913
14013458
545918
11121999
13882531
18026187
4833799
18786011
19820055
4198338
4081006
13678822
3959223
15378945
14289890
14446175
7899800
2746989
14366727
10105329
9100969
6940732
1025371
6082973
16110417
15554471
2070480
13092312
7856330
7498440
6679395
10366739
5849206
7919341
2824624
5890267
13274807
12090063
4701313
1798845
17108538
2658337
19600735
13976915
18374971
13327885
16000356
739424
13190346
6526057
14916847
425954
5272969
1875792
14581795
11836624
4372824
10093655
4045357
18737610
5200843
8414382
14927756
13896207
14275962
17611378
17801828
18898093
10355235
17441833
7042332
14724594
16326092
8643715
13008083
801810
13141719
1799913
11599922
16548506
10959205
6167034
12152339
6042562
5164228
12900121
198314
3454608
5646740
40456
6063851
5351581
12660976
11559764
6948874
11219099
10154746
1838993
429633
120151
17311861
12011517
6373447
18800786
5210615
10796192
13080391
3661415
5535134
16559429
7237186
5286131
4465956
18809530
12539139
16741306
3975449
2467204
6448410
17864050
10375917
13390603
2639434
6691833
5141664
14433549
4131050
5311252
1427552
16940466
19921882
10737900
19069578
15269421
5889203
7629040
12897254
12663310
2541950
1776438
19903712
10043220
11950772
1689483
19811481
10360940
13986114
15984550
13951391
8026447
11305272
11152716
6455318
18733893
18467301
9520102
7295841
6284124
8350711
19275611
5212057
8944570
17114202
2196978
11780073
1268740
3189981
2142405
4063315
2980756
18048030
2986904
17805064
5652452
14514765
3441294
19818541
6473168
17355233
11489108
276523
2277571
5512025
5086224
15365299
9077455
4253093
13074953
15835569
18379734
985960
19257800
6931693
10117866
7144183
14350179
14992012
11826273
14358518
6168616
1576304
4108023
5984696
2638628
4389097
14710338
19259378
5500741
4933474
12991875
16119646
18349207
19572257
12773779
4619672
1975031
10110295
10585388
13689052
1851278
1275885
11805347
16578787
16763621
1191885
8924756
13899419
8738131
13076555
18824348
9395397
15954594
1592555
17000754
12806026
8226841
10914194
9712994
8767681
7248608
3579881
17796471
3386842
10104535
12923746
18696499
1957082
10052550
10950969
17918570
14765815
10945439
11085971
3848460
11659584
14203777
7255164
14752791
9950351
12929882
17276769
18481327
8845865
11096696
818333
9735042
450557
19464730
9055480
16951287
3587220
17923029
10712910
15769228
7604835
5109578
5821432
8126331
11061407
7336031
4188165
238190
12956971
16084059
8329867
8011716
7684079
17279336
9906374
2818460
19528628
13942721
13209326
17446437
14921916
7229095
8943716
2356336
4906981
14189726
4873474
4001347
7348285
5822750
5555306
7431947
18559504
5652855
2525733
184535
3397446
5154324
9648091
4068217
16026870
19221306
3311861
6620407
8537808
17263598
2637681
5807830
878664
10827791
9383702
5321615
249178
4279876
19349461
866721
2843511
216488
2611520
2309615
9683072
15951803
1104983
17734645
7531927
6884633
14887296
16220348
19926887
10378397
1772230
7933913
14615052
6447214
1585055
4475862
3440245
8261848
13320453
7107224
5727819
18592844
8526480
13977144
17445856
14861917
9326588
12945115
12287161
14453812
10063187
2466661
4763404
4820561
9101526
10329488
2490503
9504842
5384261
5867361
14159168
334329
14456646
7671132
18295804
16910622
15735191
7298288
5285734
18810338
18983393
19601847
8616451
10715639
6067640
6497868
1036858
1921384
7625440
3362617
11433454
9611417
10345152
19139853
9773225
18861908
12141737
13574264
15437488
19529004
13013325
9555450
12792578
17923136
4556544
13965585
3428529
11172991
17624427
4075321
12988519
17189738
995526
10152329
17126056
8606605
1620330
16757594
8447701
14132085
19633698
19889739
10395223
12710706
890884
16556069
5759833
900597
16192839
2824094
11715918
10191689
9594070
10065586
8899900
16383278
16371160
2299117
7993940
11478394
6726488
1126320
19845595
13066604
18984191
18760402
15938067
10046882
23252
3024919
5351658
3342535
17053740
14167310
18104121
7623558
19033218
18556309
13899964
4514193
18679036
9161744
9113000
8592454
11606894
10528627
9490608
11016190
13568312
15714090
7303181
1287686
10114672
13547589
11997887
13694953
424386
5720146
4045409
10222638
11506545
5514341
11305813
4791134
19682570
13936082
17121095
17920891
7795589
70797
635106
18748928
2961847
9631673
9239128
16806555
16769615
9288769
19181457
1332325
18466605
13501041
4629724
15379297
6399575
16773007
17511936
3233946
11088925
18714431
4475593
9842843
3119717
17383330
7071345
12108580
2005012
4352227
5673738
19735327
11489447
13531088
17933904
18289939
3949131
3594364
10701295
241204
13435140
15754135
16779836
6325179
18547007
8970399
6406212
810515
12386592
12693833
16158611
5911009
6419167
5190527
6036517
15810124
1060013
2129531
19788140
3473619
3550021
6089046
404845
3990042
2659586
8949432
15424040
3945602
11421460
2379752
11873624
7905758
4261122
5079658
1310393
16546882
7758994
11753519
5763045
4600601
16236260
12606027
19474855
12233136
18450707
3996214
19516672
12287565
10441701
7344973
8118110
10507201
13865639
10907425
11498589
16900559
13301360
11172885
10359843
13341212
13558726
1330243
1689818
13149900
1917708
2058610
5889241
7680867
6671330
14674323
10063424
728756
17413396
17629766
1075029
12859619
12699348
10817029
16421302
15766311
4895450
11212967
7637388
4833355
10502656
2868108
5108624
13444928
362888
16378961
4991884
6613051
6314470
7348866
12278093
502547
9936926
11299821
2158616
10534468
4189812
9990055
19426903
5818328
9595290
7608595
8457529
4263116
2244133
17075089
11768743
4733088
4191128
11582205
6827083
15456533
11128736
8981187
8222281
7050334
676390
19180748
2202484
17772032
9245005
11992090
3411347
10605847
862580
3075569
12989730
13061887
16846605
12690556
7062049
4214285
5394436
11303724
7373465
5003103
17965988
15476256
18217450
1368036
3957395
8326573
16376513
15791105
13939119
12917003
7524651
4023675
4644749
17515510
8849918
3305603
18232043
18794799
18943263
14533494
14108350
12468203
9116542
15752348
9503377
14708363
18817102
5740129
8276967
8659400
19554358
9305172
489414
6509754
10712492
11893581
8488024
10725485
1175083
896498
8077316
18057858
17082127
10316295
15631457
150175
12926845
1619465
8036280
18384712
12643215
1478752
9899192
12861413
7558482
4847985
10575766
360317
7783302
3518746
2825064
10248121
19766982
12140931
19732346
11094419
14036547
1900115
10310845
6475401
12642347
14437441
818183
343043
9623715
13888656
13366909
7451256
10239160
18240740
19026108
14190764
15153773
10371106
8412071
9948173
5992400
18798469
3198655
5006178
7446759
2209082
12107803
5517542
18370888
19513817
12369890
9915073
17822368
17826636
14933391
7694201
13924664
17145282
14805137
12300256
1013588
8790322
150955
11019877
9295583
19541665
11880683
13685463
2573521
14698247
3337017
12263254
19071327
8202052
4647119
16506729
12361835
17964297
1172593
5515204
11442024
8186598
12789060
13592149
8125750
6406707
11759334
8329205
5703615
9425140
19681956
3863150
11033519
13312199
5388699
9060584
14785733
11094235
14632114
9470634
13805404
8302378
14496339
12137010
7302532
3050935
4120746
12526868
5556992
9695371
19097758
14537856
3483857
16509850
14530052
13702962
19192412
8845814
8710698
7324235
5615212
6649228
195814
15811888
13460233
13213199
11955631
10386814
18699479
6374428
10265113
15653698
2431583
12552588
16017823
8777129
12598388
14064633
12136111
9403102
15653479
3357695
7605301
3140849
7248437
9419662
4772403
1702772
14099581
13573055
771676
4169566
6036587
11944805
17237829
3436965
14704999
8889895
4010299
6083708
10667292
10918911
14000540
12169901
12186980
10705991
14968344
992789
4211226
1951135
1153719
1237558
8425847
5513227
2686844
11130717
2278059
4797969
16501670
1355322
11176903
11727945
14499948
1533598
2339330
14305468
14903666
9447286
12934896
11491836
6955597
16091584
9180014
18485573
16232908
7453583
10439078
4702196
2752956
14029289
5013862
10113192
4822901
12594630
10057153
3713334
693939
2126689
9427274
13107325
13950944
14709056
566055
5659737
19875019
2746136
5265283
73762
5748738
9765238
19984967
271412
10792079
9370257
19003163
4813851
19816929
12935030
2805794
18275041
14938836
1658953
7057695
6132593
5375328
7716219
11944009
1616636
5745937
14869880
14150800
18274197
8046948
5334808
15099987
956450
19041176
675134
129556
19528299
11414934
2023607
10100984
19062018
13466971
4441556
11280360
6686247
2590592
13308594
16567771
7392430
14579232
15904230
12945099
4874343
737637
19358235
18519444
10441491
10853556
4692190
5652166
4745174
3173712
13819647
16649184
14772263
16893537
4530265
2871242
8686567
18221020
18527672
13475660
5169540
17812080
15946126
12106518
748426
9254177
18024092
15166118
1202969
11672305
19550830
14036270
10099898
6538674
14263058
19797859
13648999
4738123
3778294
17327215
18284273
11521351
9110610
9405157
6022074
17725804
19449162
16880897
1980157
16223916
18589068
18739401
12143658
385319
19463439
16885810
2424223
16950276
16832662
6017828
390053
3341328
2711728
2848525
8552248
13854730
13118276
16849495
2354190
15930816
13464447
3668120
4002951
1841134
14785100
10219253
5521797
15644469
16972853
15322873
3186731
7533655
9445781
13911178
13242243
16407414
10502323
9795948
8274777
10921720
9785772
14788259
17326498
19774682
18534879
6914655
12487364
8886181
1817245
12370220
8344953
10376894
7470745
19368480
14283094
13605088
10513652
4899536
17944314
6712289
3647225
6494518
17809813
15445922
1151615
14259985
753786
7549264
8267053
12862565
131854
6117037
5721241
15079003
7061546
223721
12426179
16489104
7546923
13164204
13223523
13194166
6409251
18322163
1834580
17902194
7764774
2535629
18108374
9985283
3916209
7692852
125438
1859771
1056183
14346704
18690241
18510692
7150135
18911355
14027054
4682267
1538267
12831714
15042163
16063530
14201769
6358467
8782879
8626800
8073134
12436799
12525721
8500106
10668892
14673782
18385257
10197691
9581308
17121450
14936363
16599031
15629574
4361554
15082024
16315283
11959384
12530670
11299420
1687210
8893897
13332760
1753669
7102849
10156435
16949834
16647294
17656766
12402683
11792615
9072441
11336081
11137194
9505362
18532661
6219359
14797273
15955195
315129
17872060
11814486
19842271
15897812
6483873
381882
19246952
13791761
3271559
1154944
13413424
8077146
15633840
16773444
7897637
6215286
13075850
4958072
8011828
4573136
11908299
2184332
16591209
6038323
3662265
12044903
10015509
8881298
844812
6263063
8252453
10540944
1266353
12765154
13864118
15649349
11164232
12655864
12919064
12760164
18723041
729825
13205754
17595502
4413673
17903523
12004683
4307259
6391454
6800074
11784024
6443958
5158288
6035233
1683970
14130303
11591537
338942
9347970
7048797
19960243
10420331
9289660
3262696
2542238
17573439
11417530
6610838
18110414
10850638
13004865
19762021
12381087
15963200
19517934
10218874
3034764
2999551
7933624
13796584
1420551
989424
14545257
9324104
8344795
12675633
9040677
16063972
12045401
3805143
6994955
1382547
14158342
6739563
16892506
4519445
17896618
13392458
17327354
3439000
19056188
16175418
19390090
9408057
12968899
13928431
670540
7639718
2600499
11743920
18949008
13333782
19263932
5180466
877160
19675413
14718568
15115776
9088140
13027810
4897064
755564
850968
1601600
7936689
16119873
3310966
13622564
5781385
2531609
785081
1817388
1647273
5917670
9271159
7314787
16608019
10710840
19146272
11517281
16274445
13382712
8364447
14867459
7787427
9039566
8475762
1849263
18404784
14518078
19435003
19607572
17802183
11420805
18560159
1028978
2085063
8903169
9878666
8952789
3506427
5304313
11773455
7519462
1971178
5191585
10334381
5231907
5014850
17781007
2576714
15451662
15745912
6745678
8922344
13995355
15063938
15732487
11218732
6009547
11493741
14709003
5367574
9681994
16839780
15220164
19831594
14190543
15657845
10459659
6964628
4333522
10769239
484028
1213124
701822
16982757
18219297
14810962
17580026
6399308
8283770
8802874
10013548
8731600
15418300
3539245
2307979
4758303
7603861
1116641
6829195
10665346
18768384
5120058
4976857
4684470
7216100
15391831
13840088
1887372
7675065
716146
9545050
4201004
4964473
8569698
18534826
1139890
2924102
15445749
8241069
14838354
13916970
16730426
10162284
14748685
4501693
11097250
19361676
7225355
5020559
5763349
4130045
5868037
11905762
3759952
13830753
8491303
15529999
12820643
16995988
13442004
10170008
18341842
13778229
16633890
4690439
1381022
17070824
1451903
17816935
7159515
1308640
11068158
10878643
4954311
4832511
15111957
18435550
9685709
935141
6687790
19987126
11395466
17085424
7789324
18325600
16549283
13200654
3560088
13131359
8858351
3691481
13350475
9094833
3240633
8990764
2765174
13811179
9184841
17402749
17787900
17238571
4389387
15727168
19947574
13588129
2861389
4432080
15106598
15658092
4263171
9275327
13181195
9067945
12177905
5383528
5709307
8782562
14069322
7875515
8908651
10507911
16260311
13998401
19853734
9487522
18022919
6947891
879752
14936355
3380711
7916132
5684411
7761516
12524638
48746
8504678
2413459
7449232
2440515
15472312
5822485
1981014
15890543
12948997
12777125
3494528
5461441
16258106
15905868
8295510
9688291
19288976
8782812
13290678
11688864
4319414
1399421
16186490
16699638
13558252
8790199
15459912
777554
5457925
19890673
8345743
9209747
7210955
18581756
702290
9740865
13925156
16934499
19567674
15557136
2682164
6690325
19806901
15854623
7933389
12692509
6422922
12258695
365018
5780760
3531586
5127094
11609015
4558058
16503571
2463822
1294038
14051503
1522416
4515254
19379305
14486139
11236946
3879718
418235
5529192
4354102
2715288
2885748
15095057
10220989
18464985
7879459
14554161
3253380
4116289
19417575
3663575
237589
5330608
17464545
7794328
19913669
12664023
14262175
3385515
11976412
16758163
18636108
2977204
9876213
1954247
8270708
9777231
10234256
19812420
1192134
9869492
17278228
6909443
15293192
14147471
6192055
9759614
10935024
14652231
7743029
6891203
3318568
16445734
12023613
4563232
12175880
5216328
17888253
16010795
1486245
1318179
11761375
7786515
16471673
16528168
5851849
2016852
14033581
6254232
7892287
14604654
8298213
2460476
6921398
4689591
10085098
1080886
18528933
5187464
646155
12695870
13490190
19410775
8793891
7572719
10644078
152943
17190646
19145018
9869361
11162686
8687016
14152352
18732594
10473772
4242675
14166919
9519748
4617449
3711832
93045
19581947
12630135
1089051
324933
5456201
10147702
14435925
12585651
14944561
4326521
14260128
12382293
1293866
6626930
4810223
740187
8693854
12386592
11567565
1815480
10562907
19551930
5883080
9516107
11918392
4058581
2224264
3441936
10916590
1225283
5934822
4503171
4794096
12968892
579161
2751077
5711921
2238728
14579715
1940090
7156120
15013678
16526053
15637802
18367077
15157595
17604618
966613
11553122
15086898
15243848
7459195
15622121
11432016
10833940
5505696
6456290
8911245
17019093
5536419
18880082
19084186
16404895
14695282
15231352
12598727
19225280
15883832
13424308
19722514
8579241
7100047
2960524
11022036
2501797
14739163
13957043
9457345
11292776
18170746
7589244
12622631
12595674
3094322
6523884
5286808
19308666
3512043
18819034
10730730
870659
10527523
16607944
95649
14751092
3389470
18378849
16658710
12276131
14724321
2431783
18716273
10824174
1523330
13241822
12263933
8732175
8489585
10485077
3082084
12611127
4945941
6056606
17753820
18367258
7321739
11582127
12670184
15380997
3813017
4883950
12255449
13439362
1543831
15360051
10506547
16717858
1851117
5364582
17271782
11386136
1903098
18196874
19266347
2181812
13308775
17225325
19645796
6262252
19885788
16475580
5412725
14473872
12725612
16337885
2938964
17463856
1573005
8292058
17641897
14331037
16344024
4425589
1698672
5835352
7119099
8045120
17857727
337482
17878666
5646508
16887934
10394181
17405585
14929624
3113637
9642635
2471067
7106807
16607058
4861515
14931933
6116325
14812741
8043916
17527692
8720372
8198915
7230508
10324972
5261038
5278281
5704584
3733316
4984474
365405
13430994
8193816
12593028
6825681
13356071
17759317
8330333
7525218
1289478
5577168
15312492
1240428
15302682
14705741
11947895
17161341
15811494
15943642
464459
12581990
7338169
18337953
12010824
13780489
2915388
16671429
17898259
4172383
18455141
11803556
7587717
16579482
16561064
4997728
11923339
11607851
8383963
10683792
6673536
16550742
4245585
13021221
1426274
18807102
6182645
13804889
19054493
12764588
17315752
19808735
15181113
15781030
9435412
17496848
14501655
10411465
14634341
14176858
6867758
19955965
598517
5116287
18529168
17290246
9862796
5826000
7286013
14578052
4701798
2245791
13024936
10979703
3914024
13517489
14734015
17492690
4652861
5870027
1947216
17490893
15316692
15253120
14860153
6439583
12364189
8901087
19954545
15847471
2002953
6474249
7948334
14653403
3348271
16688651
16888921
10931691
13139115
12969680
18988338
977909
2608000
9657860
13386526
15482062
8007890
189246
4530349
16155293
17211047
15350138
12545805
12325618
3093204
11718899
3912761
12761240
6491032
14424012
2204538
8870523
14263574
3706730
2828631
13431366
19271322
6853315
2564115
16629134
12675551
19326641
15000892
419852
4254103
19130548
19946830
8704723
1350805
15380086
4527764
2893257
4165110
5475955
3922726
13620705
13091708
13987200
17121389
12977557
14717602
17272940
2721222
8165897
9873480
7971321
18566663
6926270
13535238
283530
7235386
19766553
11023072
7633009
10371762
11769672
9833025
8923929
11071586
11216203
2502602
18404915
3043638
7425271
3850953
13793369
1921444
19067547
16496962
6964542
13455846
14225042
17652872
11652882
9442515
4436096
6783440
7127902
2547074
18499315
4040389
9034941
16465307
8790989
1117496
7791973
13377891
8545760
9740693
14560400
9382986
3955212
8599347
9693987
17737112
12471652
584949
2350945
10287242
14348377
7237842
17630027
1077837
5775439
9234459
18143761
1151304
14491483
17718444
15072969
823917
9571724
4413585
10565765
10063065
5401134
7176640
18192182
11728810
13357063
5131794
1651827
4754631
12984857
16185373
5341336
13974508
17307976
12345678