9293687
2361374
8162299
11724422
5754098
6959922
4785576
11051353
5354676
6060433
4417916
11734360
13606131
12504984
4700135
14319818
9804404
14902493
3404735
11058686
7327241
16787224
19549763
6466015
10307501
18687741
5237689
278749
4550071
1944363
12802104
12991635
8602758
14563178
5439970
19080948
5510817
11093653
17158768
17598676
13489883
8082654
8881708
18497162
5458510
19497753
14529212
14490284
14177365
5699778
400060
899381
9368205
9772697
997425
12376788
14422463
8899931
13122222
3406972
2992025
17324284
17053124
4028243
6795031
17558568
15214820
11188673
7614829
19357459
9524259
8294376
1372067
16447250
12506887
19145131
18678994
17082751
17211927
6363228
14333832
4846843
13177841
6284215
12963853
7668599
15852998
18464709
15270047
18863454
3840231
14563568
12221218
15835930
7842536
15543629
15370811
18256998
12990034
5859892
8329324
3265301
5616823
15252974
16013648
5752524
3113225
18826897
3605915
13403618
16773615
8600317
11631027
15968116
7120656
3382349
2023805
12078316
16461524
16853079
9827804
18001858
9078026
15747990
7864051
16327552
9349741
15044137
3824616
481635
17653220
19831952
6865082
15936098
12972026
276180
18335131
18065194
1102201
13908822
2721391
7885751
10188612
14594621
15834857
6193234
16913692
15929787
3963504
15845871
14330807
6553738
17517135
4547889
5312137
16959217
7582489
3386810
2959585
10452404
17488647
17700499
16841083
4111039
8792197
19680599
10048207
1349193
1620606
1345941
2871924
8761069
19446695
4091660
11633942
1855184
2257618
11957812
13286197
3481598
17904413
15271463
19257359
5256136
4694721
9057356
3670750
18552140
16545156
3625077
13817165
8538137
16872031
6695248
6711985
5403601
11422343
18371042
6286437
14341073
709866
17132954
12711453
2202795
17215526
4708336
1928778
9390257
2848155
11474053
9102890
18717035
14680109
18761385
18093329
8014567
13241308
13001912
12654601
10230683
14115329
11175843
1964136
16793303
1003470
6260929
10398704
13264345
5720937
11500856
13249281
8994990
4667095
15108148
17363986
13691191
5488695
15923282
6259562
17734724
8104178
8085048
12510049
2240241
3552298
7758138
17336637
3924813
17614094
9746044
4953722
13501135
101730
11721053
14178470
1720037
4799468
2097760
11403550
11900849
16109052
14419065
39973
14983512
10944177
1890541
47638
16578429
10678796
14138600
15764927
11701768
4000870
6028407
19869438
10270199
15325882
2017555
19822270
9510631
15923771
2714835
3745370
19253410
14228073
19663673
13960889
5739395
16201693
11692764
18361152
16824968
15869078
16352828
11703906
16481541
3801014
1181322
4577433
11664612
4324119
13344577
1901953
18552349
9674910
10153516
16784418
12690591
11597267
19269043
11928316
9659510
5306000
13594948
14295261
9462631
1600212
18452142
818525
6218986
7905071
7808560
18313388
2997734
526984
18463371
12394237
18211341
3306512
11417932
983531
11829953
10264158
56152
16338817
3822691
16780197
5529137
6310274
4558955
9531574
1418199
468822
15380741
7502145
8702818
15606608
7315913
19045288
7062000
12275594
15757803
14574366
11446882
2854342
4597733
11726352
9279376
18283544
4645556
13423834
4493347
98966
2831556
16838606
4666730
4622070
6384506
10173017
1660465
9191134
2979922
5905022
5207802
6821330
155899
18843675
4226530
1400660
13885000
14061180
15738381
7720343
2528879
18709201
16301632
15610404
13000542
18096126
15097307
18619694
71538
8540160
9940910
8419945
17194682
9617098
12481385
14270827
8948013
1243673
3510847
1094600
11498948
14692697
13981679
5528342
6641997
13636692
15999682
1868426
10656209
16360488
1386594
7546854
8111530
9049612
14905823
1072079
13228545
4034268
7623300
5203059
14423239
18250212
18040502
4504934
16690843
13551873
814977
15791117
5252106
3830172
4074322
6885309
10377196
19940304
18324172
125081
12791189
16571006
14092467
5323316
19734781
11504397
16793818
10490244
7419301
474319
16654931
3065036
12788628
6922078
7209717
14942825
5010889
3164089
8445162
327452
6060610
6407426
2153247
2214622
3792072
1879402
15793414
570348
14597406
14022363
7616459
1714999
1854061
5001575
1294321
1293138
1460179
2570066
5853983
10178009
19970782
7504886
5248766
1071843
3221519
12943142
18799966
448666
13118156
5808709
15441577
2934605
2857650
11084356
1854600
14917633
12672730
8756603
895502
15918365
2350994
8874064
1534188
5978980
10274673
18916607
9184337
215009
8475642
4729240
19231409
3220960
12520086
17423798
15550981
10821310
15759693
13037016
15200799
18807849
19963257
5970788
596739
14907485
11496197
18135002
13392039
6267813
4123655
4426360
8076732
17365762
2814261
11999745
1518276
17736554
17274646
11500924
8101556
11046275
752844
18614191
699750
16121173
19961262
5848639
8864267
17205174
16204952
1618959
11863821
17217191
9284574
7917160
15341109
19280402
8908783
7505236
975778
4171032
12685971
7404091
6188683
8787112
13183453
8334181
12047626
8794513
13079722
7882602
4166755
16410675
10467354
5714899
939383
1439829
12902488
16061683
12004280
12375015
6692133
13342226
12029141
8686910
15366229
7983962
7812175
17197721
9776935
4135798
18148560
19095279
10567848
10631075
17229168
5899112
10612713
4549315
8826725
1328768
4945345
14093028
19911479
1228957
13071976
10301310
12976361
10903458
9238082
1233880
17347521
855101
10543050
11545213
86122
11865644
9219897
13741331
11865194
10779628
9424017
5414677
7161956
5112777
1918111
15082153
14610927
18402845
14792389
14065633
14127551
4929730
5695832
19007563
8459471
2185715
10076381
16031837
9952268
15916133
5962479
1308292
1049958
1648172
9125155
3855679
14265186
1698776
15270318
9131422
11033056
12253005
5379523
18015733
13352030
19750944
16724355
17977071
11266624
5197671
13036830
9345224
7452827
408599
2717305
5745789
8952500
14909667
7938664
10022964
5099348
8033473
15084400
15895980
1182538
2303950
2687460
18311145
19710126
9719761
6169648
17463929
18656427
3065721
17495730
3728338
3156130
16780739
9067997
7689370
9541248
12994014
18191387
16055574
16594841
12062425
8726189
9041625
19759978
7039614
16712295
7440442
17842798
12459148
13299742
12875472
7812427
1827960
3278199
629090
18809282
10260057
9001927
1766597
9300730
4347192
13361937
13966548
19657609
15933728
19399542
15335685
2044338
1213731
3244509
3284077
5615230
15592211
3132563
18840458
19035381
11086041
19016106
10576739
9938989
138160
12077920
13130312
1261078
12270929
5729984
18362279
15185991
13000983
10646503
8359280
15985284
14562734
14758600
634813
12978255
7807331
7392293
9541269
11352074
16082013
18310460
8319621
18259424
9780602
19111925
11381511
9873467
18431489
6641868
57602
6218367
11778017
18675860
10236540
9692597
19511184
17264154
14824559
16747495
14543776
18004682
975497
17157227
19267351
3933190
1607131
10001681
11546309
5019248
11804639
17762372
9174515
17768987
5744783
18480551
11180301
16480049
9291802
787917
3814512
3242954
5392378
9879437
9767386
6157784
7595510
10541587
3766320
11109064
960894
10372443
7030965
8317758
14024921
16373515
4509303
8966596
19757937
5581704
6776935
16208643
5413531
3067855
6749074
13157823
18443711
10915639
13879157
17805303
16228094
10121187
878267
9589239
6498889
7471254
14718818
8806296
1612634
2972366
15782000
17426104
8013057
19655444
11638752
16652781
10620883
2050405
16313972
15963919
15614635
12858810
1593679
9457639
2104714
12856060
4405102
18123168
1396744
14858034
13484342
18799220
17769625
14649013
8177602
15434064
14208395
819670
17402905
4459514
5284106
2529309
13560047
8103247
17892480
9823207
6601233
18233612
18114897
10935891
11883554
17048608
13010583
5806426
16988311
16481116
3075276
13384641
6667546
17914563
7793534
3033223
8721044
18738624
9592507
8160638
11892439
15530489
8084523
15522451
18396876
14939458
14896638
4529021
14027997
16997651
11275487
9049050
14068116
10209604
11763828
14674403
11581916
9467867
19235028
16741156
10715244
14266790
181878
4913270
3918667
18067685
18401427
11426340
19276166
13977156
13748114
12812188
15541385
6363199
9528502
3001057
5233303
2037461
19634320
18908645
15036349
10665525
14153690
18438697
16594502
300883
8120846
4242647
8270056
14538801
16268216
4456027
5691774
2696366
10633030
13905517
579644
5857139
5558410
19831075
19908171
9639913
4170097
17848854
10798550
15012766
12770410
13793000
12341583
1378011
14741826
14365071
4555999
12137107
19926148
17291907
7936569
4681239
12522361
14572810
7451480
15415998
17241850
18897500
16078926
19528725
15124975
280823
11785024
8216486
15102418
9011794
177882
12747991
15864226
18592716
15034017
18274319
10703518
7320220
17687923
12600023
14393862
12454498
9840350
12325029
14599894
17634960
13059232
12345678